Bouguer	eTh	eU	GT	Kperc	SRTM	SIGLA_UNID	X	Y
-44.1663	5.37	1.51	0.489	4.62	338.05	A3_gamma_al	545250.0	9263500.0
-42.5766	5.26	2.93	0.1646	3.42	331.86	A3_gamma_al	545000.0	9265625.0
-43.1001	3.46	1.55	0.0365	3.15	295.27	A3_gamma_al	546125.0	9265125.0
-45.546	4.95	0.67	0.3228	3.48	296.91	A3_gamma_al	549250.0	9263000.0
-42.6452	5.91	2.3	0.2929	3.56	336.12	A3_gamma_al	544625.0	9265375.0
-46.0099	3.44	0.72	0.0739	2.0	302.96	A3_gamma_al	529500.0	9265250.0
-44.0149	4.02	1.05	0.0271	3.45	286.43	A3_gamma_al	548250.0	9265000.0
-48.1071	3.72	1.82	0.4373	2.63	298.48	A3_gamma_al	554875.0	9262500.0
-44.2609	6.98	1.76	0.2803	5.04	303.76	A3_gamma_al	542625.0	9264250.0
-44.8932	5.65	1.34	0.4801	3.28	313.48	A3_gamma_al	548375.0	9263375.0
-43.3274	7.14	1.41	0.0652	2.91	308.33	A3_gamma_al	532625.0	9264750.0
-44.9671	2.92	0.72	0.0975	2.73	287.75	A3_gamma_al	537875.0	9264750.0
-47.6325	4.36	1.38	0.0955	1.63	273.64	A3_gamma_al	553750.0	9263750.0
-43.6204	3.82	1.39	0.0707	2.83	305.59	A3_gamma_al	533250.0	9265375.0
-43.5859	2.07	0.51	0.9686	1.11	308.94	A3_gamma_al	547875.0	9266000.0
-43.2481	3.82	1.36	0.081	3.04	293.9	A3_gamma_al	546375.0	9265000.0
-46.0958	6.3	1.31	0.3863	4.52	311.96	A3_gamma_al	550250.0	9263000.0
-45.3324	2.67	1.05	0.0229	2.66	294.6	A3_gamma_al	541000.0	9263750.0
-47.1595	7.72	1.52	0.0487	2.25	282.92	A3_gamma_al	553500.0	9264750.0
-45.0964	4.11	1.22	0.0821	3.27	286.47	A3_gamma_al	539875.0	9264500.0
-45.7201	10.11	1.82	0.1187	3.55	283.32	A3_gamma_al	551250.0	9264875.0
-44.3734	4.9	1.5	0.086	4.6	311.64	A3_gamma_al	543750.0	9263625.0
-43.2564	7.34	1.84	0.2615	2.72	321.09	A3_gamma_al	534000.0	9264375.0
-46.5708	3.98	0.63	0.3301	4.55	296.9	A3_gamma_al	550750.0	9262625.0
-44.7246	5.85	0.83	0.0357	3.73	282.58	A3_gamma_al	549625.0	9264875.0
-43.7025	5.41	1.12	0.2418	2.74	323.08	A3_gamma_al	532375.0	9265125.0
-43.4734	9.27	1.85	0.048	3.55	312.07	A3_gamma_al	545625.0	9264375.0
-44.3139	7.99	1.56	0.3441	2.41	297.82	A3_gamma_al	547750.0	9263875.0
-43.6971	8.25	1.77	0.2193	3.78	320.51	A3_gamma_al	544875.0	9264125.0
-43.551	4.58	1.67	0.1075	2.57	306.12	A3_gamma_al	533375.0	9265250.0
-44.0017	4.08	0.96	0.9867	2.89	319.93	A3_gamma_al	532375.0	9265500.0
-42.5455	5.9	2.56	0.1855	3.64	333.22	A3_gamma_al	545000.0	9265750.0
-44.3905	4.11	1.66	0.2233	3.94	310.74	A3_gamma_al	546250.0	9263250.0
-42.9282	5.89	1.39	0.2409	3.63	322.66	A3_gamma_al	544375.0	9265000.0
-45.008	3.62	0.8	0.092	2.8	287.43	A3_gamma_al	538125.0	9264750.0
-47.7049	7.48	2.01	0.3383	2.04	276.71	A3_gamma_al	553375.0	9263125.0
-47.5498	4.74	1.59	0.0488	1.97	271.79	A3_gamma_al	554625.0	9264625.0
-44.4672	4.63	1.72	0.1255	3.85	297.32	A3_gamma_al	541625.0	9264500.0
-44.6468	3.33	1.65	0.0967	3.24	307.39	A3_gamma_al	545500.0	9262750.0
-45.2068	4.63	1.21	0.0329	3.41	302.31	A3_gamma_al	539125.0	9264500.0
-43.6296	8.66	2.47	0.0882	3.79	326.47	A3_gamma_al	534500.0	9265000.0
-43.5141	7.62	1.66	0.1041	3.66	315.08	A3_gamma_al	534250.0	9264875.0
-44.3158	7.3	1.29	0.3104	4.41	312.5	A3_gamma_al	543125.0	9264000.0
-45.4206	2.82	1.25	0.1044	2.73	315.2	A3_gamma_al	538625.0	9264125.0
-47.0283	5.97	1.27	0.0436	2.05	272.47	A3_gamma_al	553250.0	9264750.0
-45.2551	5.98	1.2	0.2888	3.87	291.7	A3_gamma_al	549125.0	9263375.0
-43.3308	5.9	1.61	0.1582	4.2	292.33	A3_gamma_al	547250.0	9265875.0
-47.8913	3.42	1.37	0.295	2.14	263.68	A3_gamma_al	553500.0	9262375.0
-47.0298	10.34	2.3	0.0664	3.4	291.66	A3_gamma_al	553625.0	9265125.0
-46.8622	3.77	1.13	0.0619	1.38	276.65	A3_gamma_al	552625.0	9264375.0
-46.6105	7.92	1.77	0.0675	1.78	286.29	A3_gamma_al	552000.0	9264125.0
-47.2186	6.58	1.19	0.1748	2.28	347.71	A3_gamma_al	527000.0	9265875.0
-42.9238	6.87	1.95	0.4646	3.39	321.7	A3_gamma_al	543750.0	9265125.0
-45.3118	4.41	0.9	0.1548	2.9	282.14	A3_gamma_al	549500.0	9263625.0
-43.2248	6.07	1.79	0.0244	3.5	303.8	A3_gamma_al	546750.0	9265375.0
-43.5564	7.49	1.81	0.1198	3.71	320.41	A3_gamma_al	534375.0	9264875.0
-46.8298	4.79	0.87	0.0881	2.11	304.92	A3_gamma_al	528500.0	9265750.0
-44.9298	5.03	1.36	0.0691	3.48	293.48	A3_gamma_al	541375.0	9264125.0
-44.9613	3.53	1.19	0.0471	3.18	296.91	A3_gamma_al	547250.0	9262625.0
-46.7829	6.26	0.87	0.0658	2.71	312.95	A3_gamma_al	529125.0	9266375.0
-43.5245	5.46	0.59	0.0747	2.42	326.24	A3_gamma_al	531625.0	9264500.0
-44.1102	3.39	1.54	0.327	3.36	304.56	A3_gamma_al	546250.0	9263625.0
-47.2146	6.92	2.32	0.0593	2.18	284.92	A3_gamma_al	554375.0	9265250.0
-43.8169	6.11	2.25	0.1943	3.11	296.21	A3_gamma_al	548250.0	9265625.0
-44.7585	5.42	1.39	0.0482	2.66	296.15	A3_gamma_al	548750.0	9263875.0
-44.9741	5.92	1.29	0.1954	3.4	294.09	A3_gamma_al	548875.0	9263625.0
-44.5758	4.29	1.96	0.0797	3.84	310.74	A3_gamma_al	545500.0	9262875.0
-44.4695	4.29	0.82	0.2592	3.02	306.37	A3_gamma_al	547500.0	9263500.0
-45.5261	3.87	1.06	0.086	3.03	300.81	A3_gamma_al	540250.0	9263750.0
-42.4434	4.77	2.22	0.454	3.3	321.15	A3_gamma_al	544625.0	9265875.0
-46.4476	6.01	1.09	0.442	4.91	309.77	A3_gamma_al	550750.0	9262875.0
-47.3573	3.73	0.65	0.4409	3.58	275.6	A3_gamma_al	552500.0	9263000.0
-44.4079	4.92	1.55	0.173	3.7	300.1	A3_gamma_al	541750.0	9264500.0
-43.7986	4.21	1.11	0.1004	2.73	299.08	A3_gamma_al	533625.0	9265750.0
-44.889	2.3	0.79	0.0283	2.56	294.1	A3_gamma_al	546625.0	9262500.0
-47.528	5.43	1.47	0.0403	2.09	274.1	A3_gamma_al	554750.0	9264750.0
-44.9248	3.83	0.81	0.0366	2.8	288.42	A3_gamma_al	537375.0	9264500.0
-43.0058	4.9	1.88	0.122	3.96	314.59	A3_gamma_al	544750.0	9264875.0
-45.1603	5.13	1.57	0.0512	3.13	288.17	A3_gamma_al	540750.0	9264125.0
-47.2733	4.74	0.86	0.3616	3.96	284.39	A3_gamma_al	552250.0	9262875.0
-43.7709	3.24	0.85	0.0812	2.63	312.16	A3_gamma_al	533000.0	9265500.0
-43.3352	5.3	1.03	0.3201	5.45	324.44	A3_gamma_al	544000.0	9264625.0
-43.4338	5.01	1.39	0.0694	3.15	298.23	A3_gamma_al	547000.0	9265125.0
-47.2993	4.89	1.22	0.3897	3.86	297.18	A3_gamma_al	552125.0	9262625.0
-43.6993	5.33	1.06	0.0222	3.04	300.34	A3_gamma_al	547625.0	9265125.0
-44.7106	4.19	2.13	0.2095	2.74	292.25	A3_gamma_al	540500.0	9264750.0
-43.8949	5.46	2.39	0.1269	2.76	291.83	A3_gamma_al	548375.0	9265500.0
-47.3631	5.63	1.04	0.1548	2.61	285.9	A3_gamma_al	552750.0	9263375.0
-44.5327	3.97	0.76	0.0341	3.18	283.54	A3_gamma_al	549250.0	9264875.0
-47.4184	6.57	1.73	0.0717	2.95	276.53	A3_gamma_al	554500.0	9264875.0
-45.3997	4.53	1.44	0.0667	3.38	282.15	A3_gamma_al	550125.0	9264125.0
-43.0722	6.12	1.1	0.3472	4.09	325.35	A3_gamma_al	544125.0	9264875.0
-46.95	5.33	1.14	0.0943	2.7	308.99	A3_gamma_al	528125.0	9265750.0
-45.8302	4.24	0.64	0.0689	3.16	276.78	A3_gamma_al	550375.0	9263625.0
-47.8464	3.91	1.72	0.3096	1.84	268.24	A3_gamma_al	553750.0	9263000.0
-44.2379	2.89	1.37	0.2123	2.99	306.92	A3_gamma_al	546500.0	9263500.0
-47.6323	4.31	1.93	0.442	3.76	278.56	A3_gamma_al	552875.0	9262625.0
-45.4365	4.09	0.69	0.0253	3.2	293.6	A3_gamma_al	539375.0	9264125.0
-44.1678	4.49	1.43	0.5554	4.53	309.69	A3_gamma_al	545625.0	9263500.0
-45.1603	5.05	1.13	0.4177	2.35	318.63	A3_gamma_al	530250.0	9265000.0
-38.2751	3.65	1.23	0.1612	1.03	307.98	A3_gamma_az	548000.0	9245875.0
-40.3937	4.08	1.55	0.1005	1.3	316.42	A3_gamma_az	553000.0	9247250.0
-42.8535	5.05	3.64	0.1903	2.48	305.56	A3_gamma_az	554500.0	9248625.0
-40.8879	4.88	1.43	0.0873	1.57	316.19	A3_gamma_az	554250.0	9246750.0
-38.3273	3.79	0.84	0.2102	0.83	309.7	A3_gamma_az	548500.0	9245875.0
-38.1962	5.25	0.99	0.157	1.3	296.5	A3_gamma_az	548625.0	9245625.0
-42.2776	4.23	1.8	0.1933	1.42	304.29	A3_gamma_az	554500.0	9248000.0
-37.7983	3.68	0.89	0.1286	1.45	298.15	A3_gamma_az	547875.0	9245250.0
-41.2833	4.05	1.56	0.1329	1.45	308.25	A3_gamma_az	553625.0	9247750.0
-38.3907	4.22	0.93	0.1641	0.95	310.61	A3_gamma_az	548375.0	9246000.0
-39.532	4.57	1.61	0.0835	0.68	299.12	A3_gamma_az	551250.0	9247375.0
-38.8816	3.19	1.1	0.0612	0.67	304.51	A3_gamma_az	549250.0	9246625.0
-39.4436	4.79	1.87	0.0442	1.18	313.62	A3_gamma_az	551500.0	9247000.0
-39.3455	4.96	1.76	0.0194	1.03	305.01	A3_gamma_az	550250.0	9247375.0
-38.1937	4.14	1.11	0.1815	0.81	306.69	A3_gamma_az	548125.0	9245750.0
-39.3172	3.24	0.98	0.0495	0.78	293.65	A3_gamma_az	550875.0	9247125.0
-38.4934	2.73	0.88	0.1478	0.78	295.87	A3_gamma_az	549625.0	9245750.0
-42.3147	2.6	1.67	0.1239	1.93	295.28	A3_gamma_az	553750.0	9248750.0
-42.3679	4.93	1.96	0.1586	1.2	310.68	A3_gamma_az	554750.0	9247875.0
-38.5616	2.02	0.98	0.6503	0.4	301.53	A3_gamma_az	549500.0	9246000.0
-42.1539	5.27	1.77	0.103	1.24	306.03	A3_gamma_az	554500.0	9247875.0
-41.1937	4.05	1.18	0.0713	1.29	313.45	A3_gamma_az	554500.0	9246875.0
-42.195	3.84	2.47	0.2139	1.99	297.0	A3_gamma_az	554125.0	9248250.0
-40.2967	5.08	1.26	0.0724	1.95	315.11	A3_gamma_az	553125.0	9247000.0
-41.5618	4.82	2.07	0.0828	0.79	307.2	A3_gamma_az	554375.0	9247375.0
-39.2788	4.97	1.57	0.0286	1.02	303.0	A3_gamma_az	550250.0	9247250.0
-42.6345	3.88	2.63	0.2537	2.09	301.99	A3_gamma_az	554500.0	9248375.0
-39.9929	5.05	1.58	0.0586	2.15	334.98	A3_gamma_az	552500.0	9247125.0
-38.7997	3.53	0.76	0.095	0.69	305.18	A3_gamma_az	549125.0	9246500.0
-39.033	2.42	0.94	0.0948	0.41	310.11	A3_gamma_az	549750.0	9246875.0
-38.6613	3.16	0.76	0.3	0.84	317.02	A3_gamma_az	549250.0	9246250.0
-39.3495	5.06	1.82	0.0168	0.95	298.35	A3_gamma_az	550375.0	9247375.0
-39.1209	2.62	1.3	0.0468	0.58	297.53	A3_gamma_az	549375.0	9247000.0
-37.8187	3.79	0.81	0.1532	1.43	298.0	A3_gamma_az	548000.0	9245250.0
-39.0988	3.56	0.27	0.087	0.87	289.35	A3_gamma_az	550750.0	9246750.0
-40.1261	3.98	1.11	0.1831	1.68	289.15	A3_gamma_az	551375.0	9248250.0
-42.4224	3.09	2.35	0.1789	2.38	289.56	A3_gamma_az	554000.0	9248625.0
-40.0947	3.68	1.38	0.0536	1.03	314.78	A3_gamma_az	552125.0	9247625.0
-40.0048	3.87	1.91	0.0628	1.5	313.17	A3_gamma_az	552250.0	9247375.0
-38.0621	5.45	0.81	0.091	3.13	304.31	A3_gamma_az	547000.0	9245625.0
-39.5946	4.44	1.49	0.0834	0.58	302.18	A3_gamma_az	551250.0	9247500.0
-40.3672	4.2	1.63	0.585	0.79	305.71	A3_gamma_az	552125.0	9248000.0
-40.0792	3.97	1.89	0.0682	1.47	317.16	A3_gamma_az	552375.0	9247375.0
-42.1699	4.3	1.86	0.1827	1.44	301.38	A3_gamma_az	554375.0	9248000.0
-40.345	3.56	1.11	0.2456	1.07	285.99	A3_gamma_az	551625.0	9248375.0
-38.79	3.72	0.85	0.1017	0.91	305.61	A3_gamma_az	548875.0	9246500.0
-40.7966	4.49	1.5	0.3814	1.63	302.61	A3_gamma_az	552750.0	9248000.0
-40.2526	3.41	1.2	0.0394	1.16	308.25	A3_gamma_az	552375.0	9247625.0
-42.7562	3.98	3.03	0.1819	2.18	290.54	A3_gamma_az	554250.0	9248750.0
-40.5849	4.82	1.44	0.4306	1.06	315.63	A3_gamma_az	552875.0	9247625.0
-38.958	2.69	1.16	0.0944	0.55	311.68	A3_gamma_az	549625.0	9246750.0
-42.3093	3.79	2.31	0.174	2.46	290.85	A3_gamma_az	554000.0	9248500.0
-39.4165	4.46	1.62	0.0532	0.8	291.39	A3_gamma_az	550500.0	9247500.0
-38.5616	2.02	0.98	0.6503	0.4	301.53	A3_gamma_az	549500.0	9246000.0
-40.8468	4.07	1.69	0.0589	1.25	309.51	A3_gamma_az	553500.0	9247375.0
-40.93	3.33	1.73	0.3085	1.61	291.31	A3_gamma_az	552375.0	9248500.0
-40.6107	4.37	1.5	0.2223	1.14	302.91	A3_gamma_az	552625.0	9247875.0
-37.7983	3.68	0.89	0.1286	1.45	298.15	A3_gamma_az	547875.0	9245250.0
0.0	4.81	2.4	0.3191	2.38	298.69	A3_gamma_az	555125.0	9248500.0
-38.7737	2.85	0.87	0.3172	0.49	298.21	A3_gamma_az	550000.0	9246250.0
-39.0385	2.48	1.47	0.0729	0.6	301.59	A3_gamma_az	549375.0	9246875.0
-40.1324	4.64	1.42	0.0732	1.82	346.24	A3_gamma_az	552750.0	9247125.0
-40.0452	3.53	1.07	0.0641	0.68	307.45	A3_gamma_az	551875.0	9247750.0
-39.1117	2.71	1.24	0.0484	0.43	309.43	A3_gamma_az	549625.0	9247000.0
-37.7465	5.59	1.66	0.1019	2.87	301.73	A3_gamma_az	547000.0	9245250.0
-38.956	2.78	1.46	0.0969	0.67	304.63	A3_gamma_az	549375.0	9246750.0
-42.9609	4.59	1.96	0.1605	2.12	304.35	A3_gamma_az	555000.0	9248250.0
-40.4628	4.86	1.73	0.0803	1.92	312.78	A3_gamma_az	553375.0	9247000.0
-40.4106	3.83	1.25	0.1233	1.2	310.5	A3_gamma_az	552625.0	9247625.0
-39.98	4.68	1.56	0.0477	2.01	360.6	A3_gamma_az	552625.0	9247000.0
-38.2712	4.25	0.88	0.237	1.01	301.6	A3_gamma_az	548625.0	9245750.0
-39.2044	3.91	1.24	0.0516	0.7	303.3	A3_gamma_az	550125.0	9247125.0
-39.3293	3.41	1.23	0.0602	1.17	293.44	A3_gamma_az	549750.0	9247375.0
-39.7849	3.55	2.01	0.057	1.4	308.13	A3_gamma_az	552000.0	9247250.0
-39.5352	3.52	1.44	0.0816	0.43	294.83	A3_gamma_az	551000.0	9247500.0
-42.8519	4.21	2.15	0.1591	2.03	307.46	A3_gamma_az	554875.0	9248250.0
-37.9278	4.06	0.81	0.2124	1.29	297.67	A3_gamma_az	548125.0	9245375.0
-39.0484	3.88	0.62	0.072	0.93	295.39	A3_gamma_az	550875.0	9246500.0
-38.1559	3.57	0.8	0.1414	2.29	305.85	A3_gamma_az	547250.0	9245750.0
-40.1737	3.53	1.32	0.0464	1.08	311.83	A3_gamma_az	552250.0	9247625.0
-42.3147	2.6	1.67	0.1239	1.93	295.28	A3_gamma_az	553750.0	9248750.0
-40.1324	4.64	1.42	0.0732	1.82	346.24	A3_gamma_az	552750.0	9247125.0
-37.5939	3.7	0.87	0.0376	2.03	301.83	A3_gamma_az	547000.0	9245000.0
-40.3037	5.11	1.22	0.0801	1.54	317.74	A3_gamma_az	553000.0	9247125.0
-40.4895	4.36	1.39	0.2891	1.12	314.16	A3_gamma_az	552750.0	9247625.0
-38.3084	3.62	0.88	0.2119	0.81	307.97	A3_gamma_az	548375.0	9245875.0
-42.4159	3.85	2.44	0.18	1.98	296.98	A3_gamma_az	554375.0	9248250.0
-41.2153	3.22	1.46	0.2227	2.54	296.58	A3_gamma_az	552750.0	9248500.0
-40.1535	4.0	1.92	0.0781	1.39	319.67	A3_gamma_az	552500.0	9247375.0
-42.4929	4.79	2.01	0.1968	1.39	311.8	A3_gamma_az	554750.0	9248000.0
-41.4293	5.39	1.62	0.0645	1.21	311.77	A3_gamma_az	554500.0	9247125.0
-41.5206	4.15	1.71	0.2401	1.8	302.02	A3_gamma_az	553500.0	9248125.0
-39.7866	4.75	1.33	0.2979	0.53	307.59	A3_gamma_az	551500.0	9247625.0
-38.6773	2.64	0.78	0.3579	0.8	314.1	A3_gamma_az	549375.0	9246250.0
-38.9357	3.41	0.82	0.1233	0.4	297.11	A3_gamma_az	550375.0	9246500.0
-40.7975	5.07	1.46	0.0896	1.61	317.68	A3_gamma_az	554125.0	9246750.0
-43.0631	4.57	3.71	0.1942	2.35	305.0	A3_gamma_az	554750.0	9248625.0
-40.6447	3.62	1.61	0.2987	0.53	291.59	A3_gamma_az	552000.0	9248500.0
-40.8879	4.88	1.43	0.0873	1.57	316.19	A3_gamma_az	554250.0	9246750.0
-39.3334	3.97	1.5	0.0507	1.17	296.28	A3_gamma_az	549875.0	9247375.0
-45.6212	2.49	0.39	0.0605	0.97	284.75	A3_gamma_cz	548375.0	9273125.0
-45.5669	4.03	0.94	0.2404	2.42	311.42	A3_gamma_cz	540875.0	9276000.0
-41.7115	3.83	1.55	0.1485	0.42	272.95	A3_gamma_cz	553375.0	9275250.0
-45.758	1.42	0.56	0.0353	0.52	267.58	A3_gamma_cz	547500.0	9272625.0
-45.8257	7.2	1.82	0.1251	3.44	308.11	A3_gamma_cz	543250.0	9275625.0
-45.501	11.97	2.77	0.0453	3.58	312.97	A3_gamma_cz	544750.0	9275375.0
-44.1464	2.16	0.83	0.0912	1.86	282.63	A3_gamma_cz	550250.0	9275125.0
-43.7968	5.95	2.1	0.2738	0.64	263.98	A3_gamma_cz	552125.0	9272000.0
-44.4859	2.99	0.56	0.0552	0.92	285.34	A3_gamma_cz	550750.0	9274000.0
-45.4295	6.58	1.31	0.0434	2.02	265.97	A3_gamma_cz	549625.0	9273000.0
-43.6857	2.62	0.92	0.0843	1.26	312.97	A3_gamma_cz	538500.0	9274750.0
-45.5464	7.56	2.09	0.1623	3.01	306.4	A3_gamma_cz	543750.0	9274750.0
-45.493	3.7	0.76	0.041	1.51	286.15	A3_gamma_cz	548125.0	9273500.0
-42.1	1.98	0.94	0.1868	0.76	270.23	A3_gamma_cz	552875.0	9275500.0
-45.9371	2.75	1.07	0.6362	2.77	310.41	A3_gamma_cz	543625.0	9276500.0
-44.8019	5.85	1.56	0.0945	3.05	277.66	A3_gamma_cz	548375.0	9275125.0
-45.7674	1.99	0.57	0.0209	1.06	267.32	A3_gamma_cz	548500.0	9272625.0
-45.3697	5.37	1.14	0.0654	1.94	269.55	A3_gamma_cz	549375.0	9273375.0
-45.4268	9.08	1.98	0.0347	4.16	343.3	A3_gamma_cz	541625.0	9274875.0
-45.2456	4.65	0.83	0.0356	0.97	280.66	A3_gamma_cz	547125.0	9274375.0
-45.0878	5.65	1.54	0.1341	1.5	281.54	A3_gamma_cz	547125.0	9275000.0
-45.3448	6.78	1.59	0.0706	1.89	269.81	A3_gamma_cz	549625.0	9273250.0
-44.9091	4.64	1.16	0.034	1.11	285.15	A3_gamma_cz	549875.0	9274125.0
-44.1125	4.47	1.79	0.1385	0.95	268.47	A3_gamma_cz	551750.0	9272125.0
-45.3454	2.7	0.9	0.014	0.78	295.65	A3_gamma_cz	545500.0	9275000.0
-45.7568	11.79	2.65	0.0416	4.11	326.49	A3_gamma_cz	542500.0	9275250.0
-45.3433	4.33	1.23	0.0621	0.97	280.26	A3_gamma_cz	545250.0	9274250.0
-45.1638	9.78	2.64	0.1263	4.44	294.53	A3_gamma_cz	544000.0	9273625.0
-45.3567	4.27	0.95	0.034	1.05	285.35	A3_gamma_cz	546750.0	9273875.0
-44.5895	6.67	1.86	0.1193	2.81	272.92	A3_gamma_cz	548625.0	9275375.0
-45.7509	5.37	1.76	0.1409	3.3	325.77	A3_gamma_cz	541500.0	9275750.0
-45.9364	3.59	2.45	0.3684	2.98	303.54	A3_gamma_cz	543250.0	9276125.0
-45.5323	2.09	0.56	0.0389	0.58	276.69	A3_gamma_cz	546625.0	9272875.0
-45.1918	6.61	1.85	0.0792	1.67	284.64	A3_gamma_cz	546375.0	9275125.0
-45.519	6.65	1.91	0.0539	2.34	302.3	A3_gamma_cz	544000.0	9274750.0
-42.8475	2.55	1.21	0.0566	0.9	258.14	A3_gamma_cz	552875.0	9272750.0
-42.7137	5.26	1.79	0.0767	0.92	278.33	A3_gamma_cz	552500.0	9274625.0
-45.0763	3.83	1.94	0.0592	1.52	291.07	A3_gamma_cz	548875.0	9274375.0
-45.5925	5.66	1.52	0.0548	2.02	261.13	A3_gamma_cz	549625.0	9272250.0
-45.2903	3.81	0.62	0.0535	1.68	296.73	A3_gamma_cz	546375.0	9274375.0
-43.7995	1.27	0.91	0.1987	1.54	322.12	A3_gamma_cz	538375.0	9275125.0
-44.921	5.4	1.25	0.0834	1.87	287.78	A3_gamma_cz	548375.0	9274875.0
-44.6246	5.4	1.82	0.0616	2.84	291.56	A3_gamma_cz	541250.0	9273750.0
-44.3323	3.46	1.38	0.0673	1.76	303.14	A3_gamma_cz	540500.0	9273875.0
-45.3356	10.87	2.21	0.0279	4.29	344.94	A3_gamma_cz	541375.0	9274875.0
-45.0679	6.72	1.21	0.0331	1.28	270.44	A3_gamma_cz	550375.0	9273000.0
-44.2557	5.65	1.93	0.3893	1.9	276.16	A3_gamma_cz	548000.0	9276250.0
-43.4143	6.01	1.9	0.4911	0.9	275.59	A3_gamma_cz	552625.0	9271750.0
-45.7909	12.22	2.83	0.0648	4.19	331.92	A3_gamma_cz	542375.0	9275375.0
-43.0834	3.49	1.79	0.0999	1.07	276.58	A3_gamma_cz	552250.0	9274250.0
-41.489	5.85	1.94	0.1904	1.12	252.69	A3_gamma_cz	553875.0	9273875.0
-43.5119	5.7	1.62	0.2184	1.53	267.89	A3_gamma_cz	549875.0	9276125.0
-43.6356	2.9	1.03	0.0751	1.15	280.59	A3_gamma_cz	551000.0	9275250.0
-44.5707	3.51	0.46	0.0121	2.09	287.22	A3_gamma_cz	541750.0	9273375.0
-45.3698	11.59	2.74	0.2729	3.37	297.92	A3_gamma_cz	545375.0	9275625.0
-44.8942	5.04	1.16	0.0845	1.87	292.57	A3_gamma_cz	548500.0	9274875.0
-43.6815	6.49	1.74	0.2712	2.13	270.66	A3_gamma_cz	549750.0	9276000.0
-45.2029	10.88	3.11	0.045	4.78	326.24	A3_gamma_cz	543250.0	9273875.0
-45.9353	5.14	1.03	0.0424	2.1	260.1	A3_gamma_cz	548250.0	9272125.0
-43.7128	1.69	0.61	0.3581	1.17	295.06	A3_gamma_cz	538875.0	9274375.0
-43.4955	5.89	1.49	0.1624	0.8	265.79	A3_gamma_cz	552125.0	9273250.0
-44.838	4.09	1.5	0.0605	2.11	282.68	A3_gamma_cz	547500.0	9275500.0
-45.7334	8.6	2.93	0.1987	4.15	358.7	A3_gamma_cz	544125.0	9276000.0
-45.257	1.55	0.78	0.0791	1.1	273.38	A3_gamma_cz	545000.0	9273625.0
-40.8718	5.1	1.74	0.1455	0.73	296.17	A3_gamma_cz	554750.0	9273250.0
-43.5901	2.53	1.47	0.3174	0.27	260.64	A3_gamma_cz	552250.0	9272375.0
-44.869	6.81	1.61	0.0614	1.48	264.1	A3_gamma_cz	550625.0	9273125.0
-45.5057	5.07	0.65	0.0651	1.39	276.43	A3_gamma_cz	548625.0	9273375.0
-45.3676	6.54	1.6	0.1367	3.04	328.63	A3_gamma_cz	545375.0	9276250.0
-45.7702	1.66	0.71	0.0438	0.49	264.81	A3_gamma_cz	547375.0	9272500.0
-44.8715	5.4	1.32	0.0154	1.59	264.7	A3_gamma_cz	550750.0	9272625.0
-45.0584	4.18	2.05	0.0482	1.53	289.05	A3_gamma_cz	549000.0	9274375.0
-45.9866	3.25	1.51	0.4202	1.56	313.29	A3_gamma_cz	542500.0	9276125.0
-45.0363	1.39	0.88	0.0261	0.85	263.77	A3_gamma_cz	550625.0	9271875.0
-45.6215	11.99	2.66	0.0889	4.47	317.76	A3_gamma_cz	542875.0	9274875.0
-45.3907	4.9	1.29	0.0412	0.98	291.28	A3_gamma_cz	544625.0	9274375.0
-45.0267	12.06	2.89	0.0689	4.69	436.15	A3_gamma_cz	540625.0	9275000.0
-45.1156	13.07	2.81	0.03	4.83	279.58	A3_gamma_cz	542625.0	9273875.0
-45.7577	3.88	1.37	0.0488	1.91	263.04	A3_gamma_cz	548875.0	9272500.0
-45.8758	8.19	2.04	0.1166	3.8	319.06	A3_gamma_cz	542125.0	9275750.0
-45.3703	10.91	2.41	0.0209	4.55	335.87	A3_gamma_cz	541875.0	9274625.0
-40.8717	2.82	1.63	0.3379	0.34	270.55	A3_gamma_cz	554250.0	9275250.0
-42.8297	1.17	0.93	0.634	0.68	293.79	A3_gamma_cz	553125.0	9272125.0
-43.5468	3.4	1.27	0.0548	1.4	314.99	A3_gamma_cz	536375.0	9275375.0
-45.2425	5.68	1.29	0.0491	1.25	296.73	A3_gamma_cz	546375.0	9274750.0
-42.2206	2.08	1.19	0.1573	0.41	268.35	A3_gamma_cz	552625.0	9275750.0
-41.6255	3.95	1.04	0.1862	0.71	281.21	A3_gamma_cz	554000.0	9273000.0
-45.4035	5.34	1.29	0.0745	1.63	294.7	A3_gamma_cz	545125.0	9275000.0
-44.1695	2.52	0.95	0.0849	1.16	285.18	A3_gamma_cz	550375.0	9275000.0
-43.4637	3.27	1.04	0.0958	0.64	273.21	A3_gamma_cz	552000.0	9273875.0
-44.6442	5.54	1.96	0.1178	4.14	312.23	A3_gamma_cz	540000.0	9275000.0
-43.8468	6.55	1.7	0.3434	1.91	269.94	A3_gamma_cz	549375.0	9276000.0
-44.8149	6.41	1.75	0.0359	3.4	273.69	A3_gamma_cz	542625.0	9273375.0
-43.7781	4.5	0.57	0.1365	0.87	261.92	A3_gamma_cz	552000.0	9272625.0
-45.3872	6.77	1.46	0.0455	2.01	268.95	A3_gamma_cz	549625.0	9273125.0
-42.1642	2.52	1.52	0.1989	0.47	277.21	A3_gamma_cz	553875.0	9272125.0
-44.7011	6.79	2.18	0.0829	3.43	292.81	A3_gamma_cz	541250.0	9273875.0
-45.5856	4.56	0.59	0.0838	1.25	272.61	A3_gamma_cz	548750.0	9273125.0
-42.5848	4.39	0.73	0.1232	0.78	282.05	A3_gamma_cz	552500.0	9275000.0
-45.7577	1.02	0.38	0.0209	1.4	268.37	A3_gamma_cz	548250.0	9272750.0
-47.8441	2.35	1.28	0.0213	1.29	304.28	A3_gamma_g	514000.0	9261375.0
-44.7195	3.38	2.58	0.1677	3.06	329.67	A3_gamma_g	515250.0	9254875.0
-47.6285	6.0	2.39	0.0825	2.16	317.47	A3_gamma_g	516625.0	9259625.0
-42.5136	1.75	1.91	0.0305	1.51	299.88	A3_gamma_g	527250.0	9259375.0
-44.8125	8.93	2.8	0.0165	4.35	295.06	A3_gamma_g	524375.0	9259875.0
-45.9234	6.39	2.72	0.0947	2.73	296.34	A3_gamma_g	521500.0	9260375.0
-44.9938	4.71	2.19	0.0688	3.29	293.53	A3_gamma_g	514125.0	9254375.0
-45.5087	5.83	1.56	0.0426	2.44	291.17	A3_gamma_g	520125.0	9258750.0
-45.2075	8.87	1.39	0.1904	3.17	323.81	A3_gamma_g	522500.0	9259750.0
-46.914	4.85	2.78	0.0202	2.52	273.18	A3_gamma_g	523125.0	9262375.0
-46.3683	5.1	3.34	0.0441	4.26	347.4	A3_gamma_g	512500.0	9255875.0
-41.5343	2.29	2.09	0.2438	2.3	271.9	A3_gamma_g	503875.0	9254875.0
-45.9496	6.02	1.83	0.0736	2.95	281.1	A3_gamma_g	522625.0	9261000.0
-43.2451	2.55	1.81	0.2737	2.18	289.52	A3_gamma_g	507125.0	9256750.0
-44.5958	3.92	1.69	0.0237	2.74	294.81	A3_gamma_g	524500.0	9259500.0
-44.8531	4.01	2.07	1.1156	2.8	291.77	A3_gamma_g	509750.0	9259375.0
-45.2871	5.42	2.34	0.0114	2.17	282.72	A3_gamma_g	523750.0	9260500.0
-42.4545	1.7	0.7	0.2323	1.44	302.5	A3_gamma_g	505500.0	9255375.0
-46.1874	5.87	1.08	0.1364	2.82	293.52	A3_gamma_g	519125.0	9258875.0
-46.7072	6.65	2.63	0.0881	2.6	328.46	A3_gamma_g	516500.0	9257750.0
-46.3209	6.04	2.29	0.1169	2.41	300.74	A3_gamma_g	520750.0	9260500.0
-48.0558	7.96	1.12	0.149	2.69	302.09	A3_gamma_g	520875.0	9262750.0
-44.7978	2.9	1.12	0.1471	1.97	290.79	A3_gamma_g	528375.0	9263500.0
-45.0324	4.02	2.12	0.1276	2.27	297.67	A3_gamma_g	509250.0	9256875.0
-45.8868	14.03	3.91	0.0222	4.38	293.25	A3_gamma_g	524875.0	9261875.0
-45.711	5.74	1.85	0.0787	2.71	329.0	A3_gamma_g	515375.0	9256250.0
-45.2753	4.31	2.7	0.2443	1.99	290.0	A3_gamma_g	519500.0	9257000.0
-42.9249	5.09	1.98	0.2066	2.58	306.51	A3_gamma_g	530125.0	9263250.0
-43.479	3.72	2.06	0.1389	2.41	322.12	A3_gamma_g	505750.0	9253750.0
-45.8987	5.47	1.83	0.18	2.54	307.04	A3_gamma_g	517875.0	9257000.0
-46.2087	3.51	1.34	0.093	1.63	284.22	A3_gamma_g	511250.0	9257375.0
-47.2102	6.16	2.41	0.0177	3.42	313.28	A3_gamma_g	514375.0	9259000.0
-46.341	4.98	2.25	0.0393	2.12	303.07	A3_gamma_g	511125.0	9256125.0
-45.3944	8.21	2.52	0.0553	3.59	302.85	A3_gamma_g	525750.0	9261750.0
-44.9533	2.35	2.03	0.2002	2.2	316.39	A3_gamma_g	515875.0	9255375.0
-43.6485	2.64	3.06	0.129	2.1	304.88	A3_gamma_g	507250.0	9255750.0
-44.3874	2.89	2.14	0.0286	3.45	294.6	A3_gamma_g	523000.0	9257875.0
-46.0942	6.86	1.45	0.2104	2.71	296.18	A3_gamma_g	518875.0	9258250.0
-44.9022	7.55	2.52	0.115	1.93	288.63	A3_gamma_g	527500.0	9262875.0
-47.5309	7.4	2.59	0.0497	3.01	311.58	A3_gamma_g	517000.0	9259625.0
-47.8534	6.46	1.18	0.0804	1.72	291.24	A3_gamma_g	521750.0	9262875.0
-47.5477	3.83	0.57	0.1471	1.28	292.97	A3_gamma_g	521875.0	9262500.0
-47.5101	2.7	1.33	0.0714	1.9	307.62	A3_gamma_g	513500.0	9261625.0
-46.1212	7.14	2.54	0.0561	3.31	334.15	A3_gamma_g	516000.0	9256875.0
-47.8285	4.11	1.52	0.0625	1.52	300.06	A3_gamma_g	517500.0	9261125.0
-44.1174	2.4	0.83	0.0818	1.74	309.86	A3_gamma_g	530375.0	9264250.0
-47.4814	5.13	1.51	0.0254	2.28	302.4	A3_gamma_g	517750.0	9260375.0
-45.5053	3.48	2.72	1.4548	2.25	315.36	A3_gamma_g	511000.0	9259750.0
-45.3914	6.14	2.09	0.0741	3.07	297.13	A3_gamma_g	524750.0	9261125.0
-46.0613	5.88	1.48	0.0966	2.07	320.96	A3_gamma_g	528750.0	9264750.0
-42.073	2.02	1.03	0.2221	1.87	287.72	A3_gamma_g	504625.0	9254875.0
-45.4495	7.69	2.66	0.055	3.04	296.94	A3_gamma_g	526250.0	9262250.0
-46.5761	4.84	2.01	0.1306	3.53	337.25	A3_gamma_g	515875.0	9257500.0
-45.6164	6.81	2.13	0.1483	2.91	311.31	A3_gamma_g	514375.0	9255750.0
-44.9533	4.46	2.06	0.329	0.92	286.88	A3_gamma_g	509625.0	9258375.0
-47.7354	4.02	1.41	0.0229	1.62	298.74	A3_gamma_g	518750.0	9261625.0
-45.3024	4.98	1.75	0.078	3.01	290.61	A3_gamma_g	519750.0	9257375.0
-46.3639	6.84	2.74	0.0365	2.12	285.38	A3_gamma_g	510625.0	9255125.0
-46.6828	3.69	1.84	0.0404	2.04	294.3	A3_gamma_g	513000.0	9258250.0
-44.4161	1.33	1.2	0.121	1.61	293.45	A3_gamma_g	527125.0	9262000.0
-47.0392	3.08	0.82	0.0343	1.63	296.38	A3_gamma_g	527000.0	9265000.0
-47.0849	1.8	0.23	0.026	1.1	317.96	A3_gamma_g	513125.0	9261000.0
-47.602	5.18	1.75	0.0401	2.16	315.16	A3_gamma_g	517000.0	9259875.0
-43.2956	2.53	2.22	0.0806	1.71	305.61	A3_gamma_g	505375.0	9253625.0
-45.0855	5.38	1.32	0.1812	2.6	374.77	A3_gamma_g	521000.0	9258625.0
-43.9743	3.13	2.52	0.1332	2.25	324.33	A3_gamma_g	507375.0	9255125.0
-43.0275	4.26	1.22	0.3551	2.31	294.07	A3_gamma_g	528000.0	9261625.0
-44.8272	3.26	1.06	0.1337	1.38	295.9	A3_gamma_g	529125.0	9264000.0
-46.037	5.51	3.43	0.0432	2.14	323.72	A3_gamma_g	510000.0	9255125.0
-44.0177	2.23	1.4	0.2028	1.79	307.55	A3_gamma_g	527375.0	9261875.0
-44.3069	9.26	3.22	0.2523	3.55	302.66	A3_gamma_g	526125.0	9260500.0
-48.3603	5.62	1.79	0.0204	1.9	304.95	A3_gamma_g	515000.0	9262000.0
-45.965	2.89	1.32	0.5323	1.54	322.36	A3_gamma_g	511875.0	9261000.0
-48.0184	6.71	1.7	0.0259	2.3	291.61	A3_gamma_g	518000.0	9262000.0
-48.2163	6.89	1.86	0.1059	2.0	294.89	A3_gamma_g	518750.0	9262625.0
-42.3621	2.24	0.97	0.1915	1.72	293.8	A3_gamma_g	505125.0	9255000.0
-45.4907	3.06	1.26	0.108	2.34	292.3	A3_gamma_g	527625.0	9263500.0
-44.216	0.84	1.53	0.0593	0.9	305.13	A3_gamma_g	525000.0	9259125.0
-45.144	2.5	1.17	0.0423	2.13	304.81	A3_gamma_g	521500.0	9259125.0
-46.585	2.65	1.09	0.0408	1.43	314.37	A3_gamma_g	512625.0	9260500.0
-46.8025	2.38	1.27	0.0522	1.43	278.18	A3_gamma_g	524000.0	9262625.0
-47.2158	2.75	1.42	0.0235	1.35	273.25	A3_gamma_g	523125.0	9262750.0
-46.4159	5.0	2.54	0.1098	2.51	284.25	A3_gamma_g	522000.0	9261250.0
-45.8847	4.88	1.44	0.0561	2.18	298.75	A3_gamma_g	520125.0	9259500.0
-45.4933	3.45	2.06	0.155	2.74	338.1	A3_gamma_g	517250.0	9256250.0
-42.1894	3.99	2.33	0.1927	3.31	288.54	A3_gamma_g	503625.0	9253125.0
-47.909	4.62	0.83	0.0459	1.61	308.09	A3_gamma_g	514000.0	9262125.0
-45.9197	4.54	2.15	0.0829	1.61	282.68	A3_gamma_g	510500.0	9256875.0
-44.0876	4.65	2.01	0.0721	2.18	317.08	A3_gamma_g	525750.0	9259625.0
-46.3319	4.04	2.88	0.0392	2.76	320.58	A3_gamma_g	512875.0	9256250.0
-46.4838	6.47	2.63	0.0236	2.72	306.74	A3_gamma_g	513000.0	9257000.0
-46.161	5.56	1.32	0.12	2.14	328.93	A3_gamma_g	528750.0	9264875.0
-47.1561	6.57	2.19	0.0569	2.68	311.66	A3_gamma_g	517875.0	9259500.0
-42.4141	3.17	1.52	0.0822	1.36	303.55	A3_gamma_g	527500.0	9259750.0
-46.6159	1.88	0.77	0.1186	1.02	312.15	A3_gamma_g	512625.0	9260875.0
-42.4333	2.12	2.0	0.1107	1.72	300.03	A3_gamma_g	504750.0	9254375.0
-43.5737	7.96	3.06	0.7603	3.16	315.07	A3_gamma_g	526625.0	9260000.0
-44.1757	5.35	2.05	0.0459	4.24	297.63	A3_gamma_g	523625.0	9257875.0
-45.6161	4.24	1.58	0.5925	2.01	337.51	A3_gamma_g	511375.0	9260375.0
-44.8696	3.07	1.67	0.1648	2.11	285.02	A3_gamma_g	509250.0	9257500.0
-42.8096	2.91	2.5	0.0154	2.82	337.56	A3_gamma_rm	524750.0	9256625.0
-42.979	6.1	1.93	0.0642	1.93	258.57	A3_gamma_rm	505125.0	9249750.0
-42.5578	2.25	1.79	0.0289	2.15	344.83	A3_gamma_rm	522500.0	9254250.0
-46.4843	2.97	2.16	0.0173	1.06	287.11	A3_gamma_rm	511000.0	9254125.0
-40.1547	3.77	2.02	0.3022	1.81	264.38	A3_gamma_rm	501875.0	9254750.0
-41.2737	1.58	0.63	0.3462	2.17	276.94	A3_gamma_rm	503750.0	9255375.0
-42.0795	4.73	2.45	0.0633	1.9	254.4	A3_gamma_rm	504375.0	9248750.0
-42.9957	4.92	1.7	0.1036	2.71	316.35	A3_gamma_rm	517625.0	9253500.0
-43.4017	2.26	1.56	0.025	3.01	331.55	A3_gamma_rm	520375.0	9254500.0
-42.1457	7.95	1.97	0.0366	5.4	305.51	A3_gamma_rm	526875.0	9258125.0
-42.3222	3.38	1.62	0.0857	1.33	322.36	A3_gamma_rm	515250.0	9251125.0
-41.0099	0.85	0.32	0.1069	1.59	262.77	A3_gamma_rm	500875.0	9249625.0
-44.5657	4.08	1.82	0.0699	1.43	298.8	A3_gamma_rm	520625.0	9256250.0
-41.9883	3.52	1.57	0.0231	2.82	321.11	A3_gamma_rm	518500.0	9251875.0
-41.0102	2.57	1.87	0.2319	2.38	273.9	A3_gamma_rm	502750.0	9254250.0
-45.1739	5.88	2.89	0.0754	2.45	295.1	A3_gamma_rm	513625.0	9254000.0
-42.1044	5.89	2.07	0.0349	3.19	350.79	A3_gamma_rm	524625.0	9255500.0
-43.9209	2.02	1.77	0.0283	1.0	270.25	A3_gamma_rm	506750.0	9250375.0
-45.4266	8.87	2.78	0.0524	1.29	289.89	A3_gamma_rm	513125.0	9253625.0
-45.9902	2.21	1.58	0.0887	0.64	299.08	A3_gamma_rm	511125.0	9252750.0
-43.8269	3.04	1.94	0.0238	1.96	329.09	A3_gamma_rm	521625.0	9255500.0
-41.309	2.5	1.0	0.2848	2.72	282.55	A3_gamma_rm	501250.0	9258875.0
-43.5248	2.2	1.71	0.1787	1.14	270.33	A3_gamma_rm	502000.0	9261250.0
-42.0264	3.13	1.23	0.0789	2.73	324.83	A3_gamma_rm	518125.0	9252000.0
-39.6302	2.44	0.97	0.3202	2.73	284.03	A3_gamma_rm	500375.0	9257500.0
-42.0902	3.32	1.27	0.0545	1.68	300.58	A3_gamma_rm	516375.0	9251500.0
-41.6044	2.76	1.33	0.041	2.54	286.44	A3_gamma_rm	502250.0	9252250.0
-43.1217	1.44	0.67	0.1784	2.95	277.39	A3_gamma_rm	501750.0	9260625.0
-40.9569	7.5	2.43	0.1029	1.79	250.94	A3_gamma_rm	502250.0	9247875.0
-41.1616	1.1	1.49	0.1036	1.09	271.49	A3_gamma_rm	500500.0	9252250.0
-42.0514	5.01	1.45	0.019	2.02	349.07	A3_gamma_rm	520625.0	9252375.0
-40.8136	2.5	1.06	0.5045	2.52	272.76	A3_gamma_rm	502000.0	9253750.0
-44.4533	3.05	1.76	0.0888	2.25	273.72	A3_gamma_rm	507375.0	9251375.0
-43.572	2.08	2.16	0.0635	3.09	329.06	A3_gamma_rm	524250.0	9257250.0
-41.2952	2.64	1.17	0.0543	1.75	252.24	A3_gamma_rm	500375.0	9250625.0
-42.9249	2.31	1.36	0.0813	2.5	280.9	A3_gamma_rm	504125.0	9251000.0
-45.6796	3.15	1.18	0.0223	0.57	290.09	A3_gamma_rm	512250.0	9252875.0
-45.6378	3.27	1.12	0.0561	0.61	292.93	A3_gamma_rm	512500.0	9253125.0
-42.1092	1.53	0.56	0.601	0.78	277.84	A3_gamma_rm	503750.0	9259250.0
-42.3996	2.88	1.46	0.0365	2.66	364.64	A3_gamma_rm	522875.0	9254250.0
-42.0278	1.6	0.62	0.4736	0.25	278.46	A3_gamma_rm	503875.0	9259125.0
-41.6286	2.28	1.91	0.8575	0.81	274.72	A3_gamma_rm	504125.0	9258375.0
-41.4665	1.83	1.23	0.6958	0.82	302.31	A3_gamma_rm	504500.0	9257000.0
-42.1557	4.14	2.01	0.114	3.01	287.88	A3_gamma_rm	503125.0	9252125.0
-44.7875	3.97	1.71	0.0971	0.89	307.92	A3_gamma_rm	520125.0	9256375.0
-41.1477	6.93	2.58	0.0549	2.3	316.9	A3_gamma_rm	525750.0	9255250.0
-42.9241	2.4	2.05	0.008	2.18	351.06	A3_gamma_rm	521750.0	9254375.0
-39.3107	2.75	1.39	0.5809	3.07	278.46	A3_gamma_rm	500875.0	9256500.0
-41.2967	1.74	1.11	0.0681	1.57	267.38	A3_gamma_rm	501625.0	9249625.0
-44.0123	10.22	2.76	0.05	5.06	322.15	A3_gamma_rm	524125.0	9258000.0
-42.0445	4.75	1.29	0.0221	1.87	336.29	A3_gamma_rm	520875.0	9252500.0
-41.8031	4.6	0.98	0.0303	2.08	319.34	A3_gamma_rm	517000.0	9251000.0
-42.5241	3.5	1.97	0.0436	2.53	327.5	A3_gamma_rm	519125.0	9253125.0
-42.9756	2.69	1.5	0.0369	3.12	373.99	A3_gamma_rm	524875.0	9257000.0
-44.6911	5.21	1.97	0.29	2.91	286.98	A3_gamma_rm	507500.0	9252500.0
-41.7868	1.85	0.89	0.073	1.99	264.84	A3_gamma_rm	502500.0	9250125.0
-44.2397	4.83	1.83	0.0985	2.75	307.21	A3_gamma_rm	506625.0	9253125.0
-44.0733	3.03	2.37	0.0722	3.31	304.16	A3_gamma_rm	523625.0	9257625.0
-43.6081	5.65	2.71	0.0149	4.03	345.82	A3_gamma_rm	523000.0	9256125.0
-43.6592	1.96	0.96	0.0371	1.83	325.14	A3_gamma_rm	519750.0	9254625.0
-41.1397	4.05	1.15	0.0623	1.92	252.65	A3_gamma_rm	502750.0	9247750.0
-42.1298	4.44	2.5	0.048	3.73	387.79	A3_gamma_rm	522125.0	9253375.0
-43.7473	1.19	1.6	0.1242	1.11	280.41	A3_gamma_rm	507000.0	9250000.0
-44.3152	1.6	2.0	0.0818	3.07	313.54	A3_gamma_rm	522500.0	9257125.0
-43.3391	2.58	0.81	0.102	1.12	264.35	A3_gamma_rm	500500.0	9263375.0
-41.517	1.95	1.56	0.1001	2.08	264.45	A3_gamma_rm	501875.0	9250125.0
-40.8672	2.22	1.06	0.9316	1.74	304.9	A3_gamma_rm	502875.0	9257500.0
-39.3712	2.73	1.31	2.164	2.13	269.21	A3_gamma_rm	501125.0	9255625.0
-42.1287	2.25	1.54	0.8624	3.1	292.14	A3_gamma_rm	505750.0	9257500.0
-44.1417	3.15	2.23	0.0425	2.5	329.98	A3_gamma_rm	521750.0	9256125.0
-43.3798	2.73	3.04	0.0231	4.22	318.47	A3_gamma_rm	524750.0	9257500.0
-42.2605	5.23	2.4	0.0441	4.59	306.09	A3_gamma_rm	527000.0	9258500.0
0.0	2.09	1.47	0.0488	2.06	0.0	A3_gamma_rm	500000.0	9249875.0
-43.3441	2.7	1.31	0.1733	2.34	272.82	A3_gamma_rm	501250.0	9261250.0
-45.2174	4.74	2.76	0.0711	1.27	295.64	A3_gamma_rm	513500.0	9253875.0
-46.1064	3.51	2.01	0.0219	1.92	290.22	A3_gamma_rm	510000.0	9253875.0
-41.4807	7.16	2.87	0.0376	2.22	314.35	A3_gamma_rm	525375.0	9255375.0
-41.8283	1.48	1.58	1.0216	0.24	283.84	A3_gamma_rm	504500.0	9258625.0
-41.7836	1.67	0.87	0.6859	0.92	279.56	A3_gamma_rm	503500.0	9258875.0
-40.3299	2.95	1.49	0.821	1.56	294.58	A3_gamma_rm	502375.0	9256625.0
-42.2576	3.79	1.76	0.0393	2.82	355.64	A3_gamma_rm	523000.0	9254125.0
-41.8803	2.02	1.68	0.0452	2.5	315.43	A3_gamma_rm	518250.0	9251500.0
0.0	3.87	1.52	0.1261	0.44	250.52	A3_gamma_rm	500125.0	9247375.0
-42.7557	4.85	3.06	0.0957	4.56	322.23	A3_gamma_rm	525750.0	9257625.0
-42.0217	5.59	1.04	0.0281	2.73	372.69	A3_gamma_rm	519375.0	9252000.0
-43.5893	3.88	1.14	0.052	1.6	315.43	A3_gamma_rm	518875.0	9254375.0
-44.6369	3.32	1.42	0.1012	2.45	302.01	A3_gamma_rm	508375.0	9251500.0
-42.1216	3.75	1.48	0.126	2.49	335.93	A3_gamma_rm	517500.0	9252125.0
-42.9869	3.29	2.74	0.0261	3.42	338.03	A3_gamma_rm	520750.0	9254125.0
-39.3374	3.03	0.99	0.1932	2.07	261.56	A3_gamma_rm	500250.0	9254625.0
-40.9107	2.27	1.34	0.5442	2.21	275.96	A3_gamma_rm	503375.0	9256000.0
0.0	3.45	1.07	0.0808	1.84	255.09	A3_gamma_rm	500125.0	9248625.0
-43.5128	3.62	2.87	0.0234	3.42	364.67	A3_gamma_rm	521250.0	9254875.0
-45.1944	5.66	0.82	0.0678	1.04	289.39	A3_gamma_rm	512875.0	9252875.0
-44.2874	3.42	1.31	0.0892	2.02	317.54	A3_gamma_rm	519375.0	9255250.0
-43.7371	4.22	1.8	0.0308	0.81	289.4	A3_gamma_rm	514250.0	9252500.0
-44.5178	3.44	1.57	0.1571	2.05	305.8	A3_gamma_rm	518750.0	9255375.0
-42.4602	7.35	1.9	0.0505	5.65	305.57	A3_gamma_rm	526625.0	9258250.0
-43.288	5.99	1.47	0.0358	1.85	290.73	A3_gamma_rm	514875.0	9252500.0
-40.8275	2.79	1.13	0.6819	1.33	295.96	A3_gamma_rm	503250.0	9256625.0
-39.2238	0.3	0.67	0.0186	1.43	332.0	A3_gamma_tc	546250.0	9227625.0
-39.5808	0.78	0.32	0.0146	0.48	318.85	A3_gamma_tc	552875.0	9240000.0
-40.3503	2.0	0.86	0.0333	0.54	294.31	A3_gamma_tc	554500.0	9239250.0
-39.9832	0.21	0.32	0.0451	0.39	303.84	A3_gamma_tc	553375.0	9239125.0
-41.4258	1.73	0.58	0.0404	2.84	393.93	A3_gamma_tc	551125.0	9232875.0
-41.6334	0.32	0.1	0.1675	2.08	333.65	A3_gamma_tc	550625.0	9231500.0
-39.2551	1.33	0.38	0.0312	1.08	313.06	A3_gamma_tc	551500.0	9241125.0
-39.1571	0.02	0.47	0.0265	0.14	303.31	A3_gamma_tc	552750.0	9243125.0
-43.5999	0.29	0.52	0.0112	1.26	315.69	A3_gamma_tc	555000.0	9226875.0
-39.9218	0.62	0.37	0.0801	0.68	312.7	A3_gamma_tc	553750.0	9239750.0
-41.7416	0.33	0.56	0.0189	1.45	315.9	A3_gamma_tc	553125.0	9235250.0
-39.5048	-0.1	0.67	0.0869	0.48	316.14	A3_gamma_tc	553000.0	9240625.0
-39.4476	0.22	0.21	0.0882	0.22	304.17	A3_gamma_tc	554000.0	9242875.0
0.0	0.22	0.23	0.0256	1.03	314.41	A3_gamma_tc	555125.0	9232125.0
-42.1155	0.01	0.36	0.1051	1.7	312.34	A3_gamma_tc	552500.0	9231625.0
-42.5734	-0.61	0.4	0.0091	1.1	318.43	A3_gamma_tc	553750.0	9231125.0
0.0	0.24	0.62	0.0184	1.96	324.93	A3_gamma_tc	552000.0	9226375.0
-39.7961	0.39	0.12	0.0285	2.39	334.18	A3_gamma_tc	547750.0	9229000.0
-43.246	1.27	1.14	0.0157	2.01	316.89	A3_gamma_tc	554000.0	9227375.0
-39.1252	0.59	0.43	0.0537	2.31	350.79	A3_gamma_tc	547500.0	9230250.0
-39.303	0.82	0.09	0.0861	0.82	318.96	A3_gamma_tc	551750.0	9240750.0
-42.4617	-0.41	0.24	0.0312	1.21	326.1	A3_gamma_tc	552750.0	9230250.0
-40.2715	0.85	0.79	0.1283	0.24	300.95	A3_gamma_tc	554625.0	9239625.0
-40.0409	2.2	0.92	0.3626	0.53	306.45	A3_gamma_tc	552875.0	9238375.0
-40.7805	-0.49	0.3	0.0261	1.57	355.83	A3_gamma_tc	549250.0	9228125.0
-41.0129	0.87	0.83	0.0863	1.19	324.94	A3_gamma_tc	552375.0	9235875.0
-38.9776	3.54	0.8	0.0216	2.05	356.21	A3_gamma_tc	547750.0	9232125.0
-41.0301	4.55	1.19	0.1001	1.99	347.44	A3_gamma_tc	551000.0	9234000.0
-41.7213	-0.4	0.45	0.1203	0.5	303.62	A3_gamma_tc	554875.0	9237125.0
-42.1436	-0.57	0.09	0.0151	1.55	339.63	A3_gamma_tc	551875.0	9231125.0
-39.2878	-0.01	0.52	0.0384	2.04	343.38	A3_gamma_tc	546250.0	9227000.0
0.0	0.3	0.88	0.0288	1.94	319.4	A3_gamma_tc	555125.0	9227875.0
-41.9905	-0.21	0.47	0.0723	1.84	345.91	A3_gamma_tc	551125.0	9230500.0
-39.9493	-0.29	-0.1	0.0539	2.18	349.51	A3_gamma_tc	548250.0	9229625.0
-40.4758	1.58	0.37	0.0582	2.73	360.72	A3_gamma_tc	549125.0	9230875.0
-41.6467	-0.27	0.0	0.0308	1.9	340.28	A3_gamma_tc	551125.0	9227750.0
-43.0703	1.32	0.42	0.0509	1.15	304.41	A3_gamma_tc	553875.0	9229125.0
-40.2591	-0.65	0.09	0.0102	1.13	340.16	A3_gamma_tc	549625.0	9226500.0
-38.8975	1.34	1.05	0.041	2.76	353.3	A3_gamma_tc	547500.0	9230875.0
-39.1262	2.58	0.77	0.2424	1.69	346.58	A3_gamma_tc	547875.0	9231375.0
0.0	0.29	0.37	0.1363	1.29	296.99	A3_gamma_tc	555125.0	9236250.0
-39.4878	0.21	0.9	0.0551	2.37	344.75	A3_gamma_tc	547500.0	9229375.0
-41.3784	-0.33	-0.08	0.0516	1.2	351.83	A3_gamma_tc	550375.0	9228250.0
-38.9775	3.29	1.39	0.0429	2.45	389.89	A3_gamma_tc	546250.0	9228750.0
-39.5209	2.39	0.78	0.0196	2.02	334.13	A3_gamma_tc	548375.0	9231750.0
-42.2596	2.57	1.74	0.0308	1.66	305.5	A3_gamma_tc	553625.0	9232375.0
-42.7952	5.32	1.59	0.0167	1.45	303.12	A3_gamma_tc	554625.0	9233125.0
-40.2428	1.98	0.36	0.0321	1.7	321.55	A3_gamma_tc	548250.0	9227250.0
-39.1392	-0.24	0.7	0.0808	0.24	312.09	A3_gamma_tc	552125.0	9242625.0
-41.1659	0.25	0.34	0.0318	2.21	350.55	A3_gamma_tc	549875.0	9231125.0
-39.691	0.62	0.44	0.0177	0.54	309.53	A3_gamma_tc	553250.0	9240000.0
-42.5307	-0.53	0.23	0.0399	1.4	322.46	A3_gamma_tc	553000.0	9230250.0
-42.1659	0.16	0.1	0.042	1.68	334.21	A3_gamma_tc	552250.0	9227125.0
-42.4539	-0.2	0.28	0.0101	1.16	325.53	A3_gamma_tc	552625.0	9230125.0
-41.3046	0.15	-0.14	0.0605	2.28	347.88	A3_gamma_tc	550000.0	9229625.0
-39.3873	-0.45	0.4	0.0434	1.9	341.91	A3_gamma_tc	546375.0	9226625.0
-39.3876	-0.17	0.87	0.0565	2.01	362.02	A3_gamma_tc	547500.0	9229625.0
-41.4938	-0.35	0.24	0.0233	2.11	369.25	A3_gamma_tc	550250.0	9231000.0
-40.6342	1.28	0.35	0.0499	2.5	391.02	A3_gamma_tc	549250.0	9230625.0
-42.8779	2.17	0.74	0.0076	1.36	309.12	A3_gamma_tc	553125.0	9228375.0
-39.6251	0.11	0.7	0.1146	0.12	296.97	A3_gamma_tc	554500.0	9242875.0
-39.3409	1.15	0.49	0.1247	0.71	318.79	A3_gamma_tc	552000.0	9240375.0
-40.734	-0.49	0.23	0.0415	1.5	348.8	A3_gamma_tc	549125.0	9228625.0
-41.8712	-0.23	0.42	0.0712	2.11	347.53	A3_gamma_tc	550875.0	9230500.0
-43.5084	0.32	0.46	0.0134	1.62	313.42	A3_gamma_tc	554750.0	9227375.0
-41.2496	0.81	0.43	0.014	1.97	352.28	A3_gamma_tc	551250.0	9233625.0
0.0	-0.4	0.1	0.0185	1.91	0.0	A3_gamma_tc	549750.0	9226250.0
-41.2521	0.79	0.6	0.15	2.13	341.12	A3_gamma_tc	550125.0	9231625.0
-43.2598	1.69	1.48	0.0216	1.07	310.2	A3_gamma_tc	554500.0	9229375.0
-42.9632	2.28	1.56	0.0236	1.28	306.25	A3_gamma_tc	553375.0	9228750.0
-41.3994	0.35	0.92	0.04	2.6	343.2	A3_gamma_tc	551500.0	9233375.0
-39.4394	2.63	0.89	0.3726	1.71	336.83	A3_gamma_tc	548250.0	9231500.0
-39.9297	-0.68	0.09	0.0162	1.92	330.36	A3_gamma_tc	547500.0	9227875.0
-40.5814	2.42	0.72	0.0364	1.81	334.88	A3_gamma_tc	549500.0	9232250.0
-40.7544	0.95	0.29	0.0296	2.54	396.22	A3_gamma_tc	549375.0	9230625.0
-40.3038	1.89	0.77	0.0388	0.6	294.87	A3_gamma_tc	554375.0	9239250.0
-42.4672	2.51	1.04	0.0097	0.85	301.11	A3_gamma_tc	554125.0	9233000.0
-42.2833	-0.47	0.26	0.031	1.84	331.02	A3_gamma_tc	551875.0	9228625.0
-40.4773	2.0	1.41	0.1473	1.2	320.62	A3_gamma_tc	552500.0	9237000.0
-39.8635	-0.08	0.08	0.0756	0.17	306.52	A3_gamma_tc	554500.0	9240875.0
-39.2504	-0.23	0.47	0.0279	1.67	345.0	A3_gamma_tc	546125.0	9226500.0
-42.4085	0.38	0.67	0.0202	1.08	314.39	A3_gamma_tc	554125.0	9234625.0
-40.4732	-0.52	-0.05	0.0546	1.97	360.64	A3_gamma_tc	548875.0	9229500.0
-43.1075	0.53	0.74	0.0119	1.42	319.13	A3_gamma_tc	553625.0	9227750.0
-41.1398	0.31	0.51	0.1433	0.4	303.82	A3_gamma_tc	554125.0	9237500.0
-41.1555	2.27	0.59	0.0313	2.45	329.23	A3_gamma_tc	550125.0	9232000.0
-40.6578	2.78	1.78	0.0399	1.3	318.85	A3_gamma_tc	551875.0	9235875.0
-42.6396	4.77	1.55	0.0147	1.53	302.19	A3_gamma_tc	554375.0	9232875.0
-41.9471	-0.25	0.37	0.095	1.97	339.55	A3_gamma_tc	551375.0	9228250.0
-39.5711	0.09	0.59	0.0104	1.73	355.52	A3_gamma_tc	546875.0	9227875.0
-40.2026	0.79	0.45	0.0363	1.73	322.79	A3_gamma_tc	548625.0	9226750.0
-40.3722	-0.48	-0.18	0.0255	2.01	333.19	A3_gamma_tc	548500.0	9227625.0
-43.3802	1.21	0.76	0.0329	1.62	309.15	A3_gamma_tc	554375.0	9227875.0
-41.225	0.1	0.31	0.1081	0.43	306.29	A3_gamma_tc	554125.0	9237375.0
-41.9271	0.62	0.56	0.0411	1.17	308.54	A3_gamma_tc	553125.0	9233500.0
-41.1247	0.24	0.4	0.1952	0.56	302.2	A3_gamma_tc	553750.0	9237250.0
-43.123	-0.41	-0.16	0.0104	1.93	326.78	A3_gamma_tc	553875.0	9226750.0
-40.2505	2.29	0.78	0.031	1.95	318.85	A3_gamma_tc	548500.0	9227000.0
-40.0424	0.72	0.65	0.1746	0.84	316.48	A3_gamma_tc	553875.0	9239500.0
-41.3891	0.11	-0.09	0.0968	2.26	344.14	A3_gamma_tc	550125.0	9229625.0
-46.7251	2.73	1.34	10.3166	0.61	579.62	A3saf	514125.0	9274500.0
-46.4683	2.82	0.94	1.969	1.54	362.18	A3saf	503250.0	9275250.0
-46.2281	2.97	0.9	4.0541	0.9	387.81	A3saf	503125.0	9275125.0
-46.641	3.27	0.71	5.4052	1.47	384.35	A3saf	504000.0	9275000.0
-46.8309	1.78	1.66	16.2391	0.55	508.71	A3saf	514625.0	9274500.0
-47.1645	3.54	1.44	5.8514	1.19	501.04	A3saf	509500.0	9274500.0
-46.4553	6.2	1.6	4.213	0.23	615.65	A3saf	511875.0	9274750.0
-46.7684	1.51	1.04	18.4071	0.57	540.1	A3saf	514500.0	9274125.0
-46.7251	2.73	1.34	10.3166	0.61	579.62	A3saf	514125.0	9274500.0
-47.0347	3.84	1.46	5.1803	1.0	507.86	A3saf	509875.0	9274625.0
-47.7052	3.29	0.89	8.459	0.76	496.59	A3saf	507125.0	9275250.0
-47.3944	3.67	1.28	7.3487	2.37	383.68	A3saf	506250.0	9274875.0
-46.7461	2.11	1.05	10.7173	0.16	527.27	A3saf	513750.0	9275000.0
-47.4879	2.88	1.2	4.7416	1.32	402.89	A3saf	506125.0	9275250.0
-46.4044	3.19	1.0	21.0571	0.14	605.61	A3saf	512250.0	9274500.0
-47.4432	3.35	1.37	13.3639	1.38	393.94	A3saf	506125.0	9275125.0
-46.6419	3.18	0.84	10.2126	0.42	616.93	A3saf	513750.0	9274500.0
-46.9417	3.65	1.83	12.6668	0.85	505.22	A3saf	504500.0	9275125.0
-46.6415	1.85	0.83	11.1326	0.23	663.25	A3saf	513625.0	9274625.0
-46.6027	4.01	1.48	6.5369	0.56	531.41	A3saf	511000.0	9274625.0
-46.5885	0.77	0.68	12.4838	0.13	636.59	A3saf	513375.0	9274625.0
-47.548	4.35	1.38	0.8566	3.09	390.89	A3saf	508750.0	9275000.0
-46.6919	1.84	0.99	11.3443	0.05	606.62	A3saf	513625.0	9274875.0
-45.7078	3.14	0.83	1.6506	0.74	340.5	A3saf	502500.0	9275125.0
-43.3173	2.43	0.41	5.0098	0.42	491.05	A3saf	500500.0	9275500.0
-46.8275	2.71	1.51	9.7022	0.51	433.67	A3saf	514000.0	9275125.0
-47.5868	3.59	1.72	10.6022	1.47	517.67	A3saf	506875.0	9275000.0
-47.734	3.85	1.42	4.8161	2.09	378.61	A3saf	507750.0	9275125.0
-46.4353	2.99	0.98	7.5761	0.04	653.99	A3saf	512250.0	9274750.0
-46.9466	3.96	1.6	9.4109	1.22	453.59	A3saf	504250.0	9275250.0
-46.9564	3.73	1.44	12.0446	2.21	450.09	A3saf	504750.0	9275000.0
-46.877	2.52	1.95	10.6851	0.62	447.48	A3saf	514750.0	9274625.0
-47.5218	3.02	1.22	4.7472	1.3	423.26	A3saf	506250.0	9275250.0
-46.4949	1.96	0.41	6.3202	0.26	582.93	A3saf	511625.0	9275000.0
-46.4642	1.2	0.21	16.0374	0.4	567.5	A3saf	512500.0	9274250.0
-46.5515	1.45	0.68	7.467	0.28	562.02	A3saf	513000.0	9274875.0
-47.4751	4.21	1.3	1.3327	2.69	410.64	A3saf	508875.0	9274875.0
-45.8118	3.39	0.75	2.2121	0.8	327.58	A3saf	502625.0	9275125.0
-46.4598	0.89	0.46	24.6109	0.18	677.93	A3saf	512625.0	9274375.0
-42.7912	2.98	0.76	6.6588	0.52	487.49	A3saf	500250.0	9275375.0
-46.6614	4.17	0.89	11.6394	0.37	601.81	A3saf	513875.0	9274375.0
-47.5907	3.94	1.69	3.2826	2.63	370.12	A3saf	508125.0	9274750.0
-42.9948	2.7	0.56	9.4538	0.55	499.71	A3saf	500375.0	9275375.0
-46.4619	6.0	1.47	4.1824	0.36	587.7	A3saf	511750.0	9274750.0
-47.6353	3.31	1.19	6.5645	1.0	500.05	A3saf	506750.0	9275250.0
-46.641	3.27	0.71	5.4052	1.47	384.35	A3saf	504000.0	9275000.0
-46.4486	5.45	1.46	4.5134	0.13	637.94	A3saf	512000.0	9274750.0
-47.0321	4.2	1.66	13.6968	0.83	505.95	A3saf	504500.0	9275250.0
-47.4809	3.58	1.27	3.5018	2.27	461.81	A3saf	508750.0	9274750.0
-47.0321	4.2	1.66	13.6968	0.83	505.95	A3saf	504500.0	9275250.0
-46.483	0.76	0.61	25.0433	0.14	698.9	A3saf	512875.0	9274375.0
-47.1121	2.39	0.68	12.0526	1.01	452.78	A3saf	505000.0	9275125.0
-46.5647	1.21	0.53	15.3959	0.13	665.13	A3saf	513375.0	9274375.0
-46.4693	4.5	0.95	9.5112	0.21	641.99	A3saf	511875.0	9274875.0
-46.484	4.63	1.05	6.8503	0.03	598.81	A3saf	512375.0	9275000.0
-46.6027	4.01	1.48	6.5369	0.56	531.41	A3saf	511000.0	9274625.0
-44.744	4.28	1.76	2.2481	2.06	376.82	A3saf	501500.0	9275375.0
-47.6286	4.68	1.27	0.6776	3.66	440.77	A3saf	508500.0	9275000.0
-46.4625	6.09	1.68	2.858	1.04	513.97	A3saf	511500.0	9274625.0
-46.7684	1.51	1.04	18.4071	0.57	540.1	A3saf	514500.0	9274125.0
-46.6883	2.17	0.89	10.3853	0.34	574.77	A3saf	513500.0	9275000.0
-47.6236	4.93	1.61	3.1107	2.49	350.08	A3saf	507750.0	9274750.0
-46.7987	3.95	1.8	11.3812	1.59	462.31	A3saf	504375.0	9275000.0
-47.7106	3.91	1.68	1.6629	2.93	408.78	A3saf	508000.0	9275125.0
-46.4183	2.38	0.95	26.6006	0.06	644.11	A3saf	512375.0	9274500.0
-46.4834	2.97	0.78	7.3512	0.29	634.14	A3saf	511875.0	9275000.0
-46.6016	3.12	0.91	12.1259	0.15	558.26	A3saf	513625.0	9274125.0
-46.4817	3.37	0.59	9.0401	0.28	599.51	A3saf	511625.0	9274875.0
-46.8864	4.06	2.08	5.7463	0.68	403.27	A3saf	514500.0	9274875.0
-45.9159	3.54	0.68	2.8064	0.84	343.98	A3saf	502750.0	9275125.0
-46.518	0.75	0.73	20.4916	0.09	668.04	A3saf	513125.0	9274375.0
-47.734	3.85	1.42	4.8161	2.09	378.61	A3saf	507750.0	9275125.0
-45.123	2.73	0.97	2.9466	0.59	385.75	A3saf	502000.0	9275125.0
-46.46	0.92	0.73	28.0019	0.11	704.72	A3saf	512750.0	9274500.0
-47.2249	2.35	1.01	10.0738	0.93	438.77	A3saf	505375.0	9275125.0
-46.9466	3.96	1.6	9.4109	1.22	453.59	A3saf	504250.0	9275250.0
-47.3524	2.12	0.99	6.1096	1.26	399.21	A3saf	505625.0	9275250.0
-45.5646	3.27	0.96	1.0676	1.22	358.89	A3saf	502250.0	9275250.0
-46.8586	3.38	2.37	6.1792	0.51	418.57	A3saf	514375.0	9274875.0
-45.9598	3.49	0.83	0.99	1.25	324.71	A3saf	502625.0	9275250.0
-46.7046	2.49	0.71	16.3541	0.12	643.37	A3saf	514125.0	9274250.0
-46.7494	2.58	1.48	8.5582	0.33	495.63	A3saf	514000.0	9274750.0
-46.7076	3.72	1.12	7.89	1.03	511.78	A3saf	510625.0	9274500.0
-44.2507	3.47	1.37	4.2062	1.15	421.58	A3saf	501250.0	9275250.0
-46.4714	0.83	0.48	25.442	0.17	694.78	A3saf	512750.0	9274375.0
-46.9417	3.65	1.83	12.6668	0.85	505.22	A3saf	504500.0	9275125.0
-47.7106	3.91	1.68	1.6629	2.93	408.78	A3saf	508000.0	9275125.0
-46.6739	2.04	1.18	17.2624	0.05	537.54	A3saf	514125.0	9273875.0
-47.6873	4.31	1.58	0.3265	3.13	437.32	A3saf	508250.0	9275125.0
-46.5413	0.91	0.63	17.6992	0.11	662.72	A3saf	513250.0	9274375.0
-46.8083	1.11	1.39	18.6493	0.38	558.57	A3saf	514500.0	9274500.0
-46.7478	2.4	1.05	9.883	0.08	528.03	A3saf	513875.0	9274875.0
-47.5077	4.42	1.43	0.9401	2.9	371.58	A3saf	508875.0	9275000.0
-43.1983	2.56	0.49	10.0904	0.54	493.65	A3saf	500500.0	9275375.0
-46.442	4.25	1.21	5.666	0.07	650.04	A3saf	512125.0	9274750.0
-46.5192	5.48	1.53	4.4315	0.15	527.79	A3saf	512500.0	9275125.0
-47.4868	3.43	1.38	6.3128	2.44	462.58	A3saf	506625.0	9274875.0
-46.8176	3.6	1.65	6.787	1.17	511.29	A3saf	510375.0	9274375.0
-47.5552	3.9	1.65	4.2419	2.58	416.87	A3saf	507125.0	9274750.0
-46.6394	1.22	1.0	14.9493	0.0	634.83	A3saf	513500.0	9274750.0
-46.6924	4.06	0.94	4.0244	1.96	312.29	A3sam	514000.0	9273000.0
-37.7608	0.47	0.72	0.1057	0.71	309.56	A3sam	548125.0	9242625.0
-42.9373	-0.43	0.32	0.5044	0.11	455.97	A3sam	541000.0	9266125.0
-42.7513	-0.18	-0.02	3.1375	0.02	373.19	A3sam	542500.0	9265750.0
-44.6724	6.2	1.99	1.1228	1.17	369.7	A3sam	528250.0	9280750.0
-46.3375	4.78	1.77	0.2785	0.87	329.02	A3sam	525500.0	9279625.0
-42.0119	0.98	0.6	0.5419	0.26	319.57	A3sam	542375.0	9266875.0
-44.798	7.36	2.37	0.0522	3.5	276.19	A3sam	551250.0	9268625.0
-38.2216	0.14	0.67	0.1062	0.47	325.92	A3sam	548000.0	9241625.0
-42.9155	1.92	0.37	0.0627	0.45	339.3	A3sam	533875.0	9263500.0
-42.3453	0.14	0.31	0.2431	0.11	394.43	A3sam	541750.0	9266500.0
-44.5853	5.94	2.73	0.6364	0.71	399.35	A3sam	529375.0	9280125.0
-46.4562	7.81	2.0	0.5268	1.77	358.96	A3sam	524750.0	9279750.0
-46.3511	6.29	3.08	0.1785	0.75	354.6	A3sam	526125.0	9279375.0
-47.1699	4.16	1.15	0.7538	1.84	304.66	A3sam	516250.0	9274125.0
-37.0011	-0.41	-0.03	0.3037	0.29	315.07	A3sam	546500.0	9244000.0
-38.8996	0.69	0.32	0.1187	0.55	318.03	A3sam	550375.0	9242375.0
-47.2931	2.93	1.12	0.2827	1.53	332.15	A3sam	521625.0	9278750.0
-46.9914	3.76	0.76	0.4579	2.29	331.55	A3sam	510875.0	9272625.0
-39.0247	0.19	0.14	0.1073	0.8	314.61	A3sam	551875.0	9245125.0
-43.7464	2.17	1.01	0.1947	1.17	288.76	A3sam	539500.0	9266000.0
-42.6534	3.68	2.32	2.4128	2.41	366.7	A3sam	543500.0	9265500.0
-44.1261	0.8	0.5	0.2427	0.55	342.36	A3sam	545875.0	9269000.0
-38.442	1.1	0.1	0.1686	0.71	299.04	A3sam	549750.0	9243250.0
-47.2602	1.62	1.2	0.3207	0.8	330.63	A3sam	508125.0	9264250.0
-41.6299	0.15	0.48	0.0456	0.82	401.44	A3sam	548625.0	9252000.0
-44.7962	6.45	2.11	0.0379	2.47	289.03	A3sam	551000.0	9268875.0
-46.9211	8.71	1.79	0.3118	0.94	307.89	A3sam	524250.0	9279375.0
-44.0733	3.02	0.84	0.372	1.01	293.64	A3sam	501625.0	9274625.0
-47.0392	5.8	2.42	2.8764	0.82	306.1	A3sam	514750.0	9275375.0
-40.1053	-0.14	0.08	0.1097	0.21	307.88	A3sam	554375.0	9245375.0
-43.9871	1.63	0.72	0.5644	0.45	293.03	A3sam	502375.0	9273750.0
-37.2458	1.4	-0.03	0.2111	0.27	309.45	A3sam	546750.0	9244500.0
-38.7858	3.82	1.04	0.1193	0.58	290.56	A3sam	550500.0	9246000.0
-47.3858	2.69	0.66	0.2904	0.94	264.72	A3sam	518250.0	9275250.0
-43.8702	4.67	1.56	0.6742	0.68	340.76	A3sam	532750.0	9277750.0
-38.6121	0.7	0.38	0.0504	0.62	328.91	A3sam	548000.0	9240750.0
-40.0726	-0.1	-0.2	2.1795	0.03	362.32	A3sam	553875.0	9245875.0
-40.2164	0.78	0.57	0.0686	1.53	300.17	A3sam	548625.0	9248375.0
-47.5101	3.54	1.4	2.0982	1.91	325.77	A3sam	507500.0	9264625.0
-38.6164	3.29	1.13	0.2338	1.18	292.55	A3sam	550500.0	9244250.0
-44.5343	1.82	1.07	1.0433	0.92	292.38	A3sam	503000.0	9273625.0
-38.8641	0.5	-0.01	0.1239	0.56	306.58	A3sam	551000.0	9243375.0
-38.4129	8.19	1.97	0.0798	1.89	294.64	A3sam	549875.0	9243750.0
-44.886	6.3	2.36	0.9558	3.0	493.13	A3sam	528625.0	9279750.0
-42.1655	1.0	0.25	0.446	0.97	347.35	A3sam	549500.0	9253500.0
-43.9081	1.86	0.61	0.1462	1.06	294.42	A3sam	551125.0	9255625.0
-42.3352	4.94	1.93	0.6462	1.43	303.92	A3sam	500250.0	9274875.0
-47.109	3.63	1.2	0.5773	2.52	364.33	A3sam	522250.0	9279375.0
-42.7763	-0.29	0.8	0.2979	-0.05	464.69	A3sam	541375.0	9266125.0
-44.743	7.33	2.22	0.4925	1.47	355.19	A3sam	529375.0	9278750.0
-47.3519	3.38	1.44	4.5511	2.78	381.72	A3sam	506250.0	9274750.0
-43.9347	8.75	2.31	1.7854	0.39	351.43	A3sam	532375.0	9278625.0
-45.5687	7.01	1.93	1.8667	1.08	352.44	A3sam	528500.0	9278250.0
-46.9587	4.21	1.98	2.7512	1.17	297.47	A3sam	515375.0	9274250.0
-47.4428	4.57	0.93	0.0606	0.64	269.02	A3sam	522000.0	9278250.0
-46.4761	6.75	2.68	0.3871	0.76	355.69	A3sam	526125.0	9279250.0
-45.5327	2.1	1.27	0.6895	0.72	300.7	A3sam	504250.0	9273375.0
0.0	0.19	0.61	0.0768	0.49	298.75	A3sam	555125.0	9245500.0
-46.9797	4.17	1.54	0.5809	2.64	321.16	A3sam	510625.0	9272750.0
-45.7957	3.99	1.27	0.1637	1.82	321.83	A3sam	502000.0	9275750.0
-44.793	0.89	0.53	1.9276	0.71	340.15	A3sam	547500.0	9268625.0
-47.5773	3.21	0.49	0.7884	1.81	323.22	A3sam	511375.0	9266375.0
-46.2592	2.33	1.37	0.793	1.25	296.17	A3sam	505500.0	9272875.0
-47.6882	0.75	0.39	0.8281	1.09	410.19	A3sam	506375.0	9275875.0
-43.9824	8.35	2.49	0.872	0.92	383.47	A3sam	531625.0	9278875.0
-39.0603	0.22	0.25	0.0654	0.34	317.96	A3sam	551125.0	9242375.0
0.0	4.32	2.46	1.0963	0.69	354.9	A3sam	528000.0	9281375.0
-44.9026	3.17	1.18	0.4139	1.85	292.92	A3sam	502875.0	9274125.0
-41.3712	2.72	0.33	0.1692	0.91	335.25	A3sam	547875.0	9250250.0
-47.383	3.83	1.03	0.163	1.02	274.61	A3sam	521375.0	9278125.0
-36.8841	-0.74	0.72	1.3149	-0.1	374.93	A3sam	545500.0	9243875.0
-44.142	0.98	0.27	0.2583	0.41	313.83	A3sam	553875.0	9255875.0
-47.0531	4.62	1.61	0.7216	3.7	372.99	A3sam	509500.0	9273375.0
-40.8809	0.74	0.56	0.1218	0.82	331.54	A3sam	548375.0	9249375.0
-36.6742	0.47	0.47	0.4091	0.74	327.77	A3sam	546000.0	9243000.0
-44.144	11.21	2.89	0.5008	0.79	380.74	A3sam	531500.0	9280125.0
-47.1163	6.3	1.41	0.1802	0.58	292.93	A3sam	525000.0	9279000.0
-43.6815	0.4	0.34	0.5777	0.51	320.66	A3sam	550750.0	9255375.0
-45.9494	5.26	1.29	0.4694	3.36	336.1	A3sam	504375.0	9273875.0
-46.925	5.8	1.53	1.8765	0.87	334.04	A3sam	513125.0	9275875.0
-47.0349	2.85	1.87	0.8454	1.67	316.98	A3sam	510375.0	9272500.0
-47.8144	0.68	0.25	0.0203	0.61	300.96	A3sam	513625.0	9266750.0
-38.8895	0.76	0.03	0.1298	1.0	330.79	A3sam	548875.0	9240625.0
-41.1092	1.36	0.74	1.4475	0.22	295.86	A3sam	529375.0	9261125.0
-45.0926	5.86	1.79	0.5909	0.34	327.72	A3sam	529125.0	9278125.0
-38.8255	0.5	0.0	0.6669	0.52	306.42	A3sam	550500.0	9242875.0
-45.7248	5.75	2.48	3.1135	1.01	432.08	A3sam	526125.0	9280000.0
-45.9169	3.29	1.17	0.6672	1.34	305.16	A3sam	504625.0	9273500.0
-45.4439	7.57	1.68	0.7183	1.42	332.5	A3sam	524375.0	9280875.0
-47.4378	0.81	0.6	1.4885	1.7	399.76	A3sam	505500.0	9275625.0
-36.6322	0.61	0.26	0.2483	0.58	332.12	A3sam	545375.0	9243000.0
-46.2293	4.75	1.15	0.4855	2.69	312.23	A3sam	504875.0	9273750.0
-45.2219	1.87	0.68	0.1566	0.3	304.01	A3sam	548250.0	9269000.0
-47.2891	2.3	1.07	0.3953	1.89	307.32	A3sam	507750.0	9273750.0
-47.0066	2.41	1.05	0.7672	1.71	336.56	A3sam	509125.0	9272500.0
-46.7646	3.37	1.32	1.3311	2.15	359.69	A3sam	510750.0	9273750.0
-46.5423	5.43	1.53	4.1073	1.84	434.0	A3sam	511250.0	9274375.0
-38.8374	0.36	0.1	0.1769	0.51	311.56	A3sam	550375.0	9242625.0
-46.905	6.34	1.71	5.4385	0.74	392.41	A3sam	514000.0	9275375.0
-41.3876	2.79	1.37	14.472	0.57	367.26	A3sqm	552875.0	9277250.0
-42.0446	4.71	1.63	3.3365	0.97	352.16	A3sqm	548375.0	9278375.0
-40.8224	4.11	1.95	0.6172	0.65	288.01	A3sqm	547500.0	9279625.0
-41.7795	4.34	1.6	2.8227	0.62	390.85	A3sqm	550500.0	9277750.0
-41.0895	4.85	1.82	7.8068	0.81	323.35	A3sqm	553375.0	9277250.0
-40.8613	4.87	1.44	8.0187	0.46	301.88	A3sqm	553750.0	9277125.0
-43.8851	5.69	3.06	3.4109	0.7	382.85	A3sqm	544500.0	9279250.0
-40.8691	4.27	1.7	6.9863	0.22	302.41	A3sqm	553875.0	9276875.0
-40.5935	6.02	2.44	1.1897	1.3	292.25	A3sqm	550500.0	9278875.0
0.0	1.66	1.44	11.4522	0.29	0.0	A3sqm	555250.0	9277250.0
-42.5614	4.16	1.43	0.7049	3.2	298.31	A3sqm	547375.0	9278500.0
-42.1818	4.23	1.66	1.4613	1.54	290.64	A3sqm	549750.0	9277625.0
-42.1299	6.47	1.46	2.4005	0.77	318.64	A3sqm	549000.0	9278000.0
-41.0107	6.51	2.31	0.3069	1.15	287.17	A3sqm	551250.0	9278375.0
-42.0848	5.54	1.68	0.5093	1.45	300.04	A3sqm	551000.0	9277250.0
-41.6543	4.71	1.37	3.1305	0.42	351.09	A3sqm	549750.0	9278125.0
-41.5641	2.99	1.11	5.124	0.51	336.75	A3sqm	552500.0	9277250.0
-43.2643	4.55	2.48	2.4811	0.89	350.16	A3sqm	544250.0	9279750.0
-42.9593	2.96	1.43	15.5034	0.62	459.3	A3sqm	545875.0	9279125.0
-41.983	6.19	2.09	0.92	1.29	329.19	A3sqm	551000.0	9277375.0
-43.1777	5.47	1.85	7.9405	0.6	422.96	A3sqm	545625.0	9279125.0
-41.5956	4.12	1.67	1.9756	0.66	396.11	A3sqm	550750.0	9277875.0
-41.3972	5.08	2.06	1.3469	0.96	293.86	A3sqm	547250.0	9279375.0
-41.5049	4.89	1.85	1.3399	0.76	365.93	A3sqm	550625.0	9278000.0
-41.01	6.68	1.51	1.1125	1.12	297.99	A3sqm	550500.0	9278500.0
-41.3659	6.24	1.56	2.7583	0.92	333.0	A3sqm	550250.0	9278250.0
-42.2319	2.75	1.49	6.6572	0.72	425.45	A3sqm	546000.0	9279500.0
-41.225	6.12	2.04	0.2784	1.22	283.4	A3sqm	551375.0	9278125.0
-41.2518	5.44	1.44	3.0663	1.21	306.86	A3sqm	552875.0	9277500.0
-41.5855	2.4	1.13	3.8419	0.72	354.93	A3sqm	551250.0	9277750.0
-39.8129	4.08	1.25	0.6323	0.53	378.53	A3sqm	554750.0	9277375.0
-40.9895	6.27	2.32	0.2287	1.1	281.02	A3sqm	551375.0	9278375.0
-41.4448	4.15	1.29	1.0722	1.04	302.2	A3sqm	551375.0	9277875.0
-40.7611	3.87	1.59	8.003	0.18	326.78	A3sqm	554000.0	9276875.0
-39.9364	3.74	1.87	1.0419	0.34	285.73	A3sqm	554500.0	9277625.0
-43.6864	4.02	2.96	4.4465	0.45	434.65	A3sqm	544500.0	9279375.0
-41.1978	4.35	2.22	0.54	0.92	293.55	A3sqm	547000.0	9279625.0
-41.2781	0.87	0.59	17.241	0.14	543.17	A3sqm	548875.0	9278750.0
-41.8774	3.71	1.4	5.1282	0.66	384.85	A3sqm	548375.0	9278500.0
-41.7982	5.55	1.96	3.3315	0.69	307.16	A3sqm	552125.0	9277125.0
-42.1184	4.12	1.62	1.6537	1.99	326.4	A3sqm	547750.0	9278625.0
-41.1765	4.97	1.16	2.7054	0.54	316.25	A3sqm	548125.0	9279125.0
-41.8086	3.31	1.31	6.1838	0.44	406.48	A3sqm	548500.0	9278500.0
-43.9618	5.68	2.79	3.153	0.82	359.99	A3sqm	544375.0	9279250.0
-40.4566	5.53	0.94	2.9346	0.72	346.62	A3sqm	548875.0	9279375.0
-41.3693	5.06	1.03	2.4801	1.11	298.66	A3sqm	552625.0	9277500.0
-40.8496	3.45	0.95	6.7685	0.4	415.48	A3sqm	548750.0	9279125.0
-41.1633	0.3	0.66	15.7549	0.06	619.55	A3sqm	549125.0	9278750.0
-42.8853	4.49	1.91	2.5901	0.43	362.05	A3sqm	544750.0	9279750.0
-40.9692	2.56	0.95	5.3209	0.15	423.32	A3sqm	549625.0	9278750.0
-40.8843	4.93	1.64	1.6182	1.31	300.71	A3sqm	553375.0	9277625.0
-40.1635	5.1	0.64	1.3069	0.84	336.1	A3sqm	549250.0	9279500.0
-42.6938	4.65	1.59	1.572	2.34	306.12	A3sqm	547000.0	9278625.0
-41.983	6.19	2.09	0.92	1.29	329.19	A3sqm	551000.0	9277375.0
-41.2736	2.78	0.86	7.9201	0.24	426.64	A3sqm	549625.0	9278500.0
-40.9377	4.07	1.53	0.8033	0.66	288.13	A3sqm	547625.0	9279500.0
-40.8001	0.54	0.28	11.8726	0.2	502.52	A3sqm	549250.0	9279000.0
-40.8691	4.27	1.7	6.9863	0.22	302.41	A3sqm	553875.0	9276875.0
-42.8838	4.84	2.15	4.0328	0.45	407.09	A3sqm	545000.0	9279625.0
-42.3136	3.73	1.43	0.9176	1.69	284.28	A3sqm	549750.0	9277500.0
-41.6825	3.21	1.61	8.5207	0.56	415.22	A3sqm	550875.0	9277750.0
-41.1751	6.17	1.93	0.2713	0.99	279.66	A3sqm	551625.0	9278125.0
-41.181	1.79	0.62	12.8049	0.23	502.34	A3sqm	548750.0	9278875.0
-41.3871	4.62	1.43	0.8243	1.02	290.04	A3sqm	551625.0	9277875.0
0.0	2.1	0.77	16.5991	0.49	0.0	A3sqm	555250.0	9276750.0
-41.0239	5.67	1.76	1.5604	1.34	292.53	A3sqm	553125.0	9277625.0
-40.8176	5.0	1.03	1.4747	0.72	293.79	A3sqm	548125.0	9279375.0
-41.4477	5.15	1.75	1.0303	0.98	342.52	A3sqm	550875.0	9278000.0
-41.0663	0.9	0.86	9.1767	0.04	556.13	A3sqm	549375.0	9278750.0
-43.0626	5.23	2.38	0.7656	1.01	320.92	A3sqm	544250.0	9279875.0
-41.6599	4.05	1.26	2.52	0.69	377.12	A3sqm	550125.0	9278000.0
-41.9259	4.56	1.79	2.1969	0.69	330.02	A3sqm	551500.0	9277250.0
-41.9925	6.69	1.71	3.6372	0.95	336.17	A3sqm	549000.0	9278125.0
-41.1028	6.82	2.08	0.6188	1.12	300.59	A3sqm	550750.0	9278375.0
-41.0002	5.67	1.63	0.2107	0.62	274.87	A3sqm	552000.0	9278250.0
-42.2887	4.16	1.55	0.8277	2.92	299.71	A3sqm	547500.0	9278625.0
-40.8946	4.44	1.05	1.2713	0.51	296.28	A3sqm	548000.0	9279375.0
-41.6012	3.42	1.78	3.5709	0.53	303.11	A3sqm	552750.0	9277000.0
-39.8859	4.09	1.6	0.9013	0.5	319.19	A3sqm	554625.0	9277500.0
-39.7952	1.47	0.54	27.1847	0.17	494.69	A3sqm	554875.0	9277125.0
-42.1723	6.18	1.9	0.4411	0.81	312.3	A3sqm	544875.0	9280125.0
-41.2118	0.45	0.6	17.7047	0.09	582.67	A3sqm	549000.0	9278750.0
-43.2643	4.55	2.48	2.4811	0.89	350.16	A3sqm	544250.0	9279750.0
-41.1751	6.17	1.93	0.2713	0.99	279.66	A3sqm	551625.0	9278125.0
-39.8652	4.94	1.0	12.0726	0.46	338.61	A3sqm	555000.0	9276625.0
-41.1253	5.36	1.91	0.2827	0.7	275.19	A3sqm	551875.0	9278125.0
-41.0178	1.69	0.97	6.7785	0.07	484.14	A3sqm	549500.0	9278750.0
-41.164	4.2	1.71	9.4382	0.74	345.57	A3sqm	553250.0	9277250.0
-41.2028	4.75	1.52	2.056	0.8	288.59	A3sqm	547500.0	9279375.0
-40.713	4.77	1.24	0.9306	0.8	292.15	A3sqm	548000.0	9279500.0
-41.7398	2.96	1.08	7.1867	0.4	424.64	A3sqm	548625.0	9278500.0
-43.6898	5.52	2.84	4.3083	1.07	414.32	A3sqm	544750.0	9279250.0
-41.9977	5.01	1.33	4.1962	0.89	364.35	A3sqm	548750.0	9278250.0
-40.9971	5.15	1.07	2.0648	0.54	303.39	A3sqm	548125.0	9279250.0
-41.6094	3.65	1.17	5.7304	0.47	422.12	A3sqm	548250.0	9278750.0
-39.6847	4.28	1.32	1.442	0.55	396.56	A3sqm	554875.0	9277375.0
-40.3748	5.86	1.38	1.7032	0.73	289.21	A3sqm	554125.0	9277500.0
-41.8246	4.69	1.66	2.4347	0.81	364.82	A3sqm	550375.0	9277750.0
-40.6769	4.56	1.92	0.6516	0.77	285.57	A3sqm	547750.0	9279625.0
-41.2037	4.61	2.01	0.6978	0.87	294.03	A3sqm	547250.0	9279500.0
-34.7293	2.71	0.63	0.0869	0.5	285.99	A3tm1	500250.0	9232875.0
-44.4729	2.41	0.96	0.0189	0.68	299.52	A3tm1	512500.0	9251750.0
-43.2048	3.27	1.2	0.0703	1.28	299.9	A3tm1	513750.0	9251250.0
-42.6846	3.41	1.31	0.0879	0.71	304.16	A3tm1	514500.0	9251125.0
-39.9397	2.51	1.32	0.1135	0.73	269.98	A3tm1	502000.0	9245375.0
-36.7661	1.61	1.4	1.9635	0.6	351.71	A3tm1	501500.0	9242000.0
0.0	4.49	1.3	0.1011	0.48	0.0	A3tm1	500000.0	9230125.0
-44.9237	3.12	1.1	0.0438	1.02	299.48	A3tm1	511125.0	9251625.0
-42.1743	2.83	0.9	0.0121	1.12	283.2	A3tm1	505500.0	9248375.0
-45.6523	2.14	1.32	0.0715	1.15	298.1	A3tm1	511125.0	9252375.0
-39.5982	4.41	1.09	0.0579	1.62	318.25	A3tm1	502875.0	9243875.0
-36.3006	1.56	0.43	1.9165	0.77	304.29	A3tm1	500625.0	9242500.0
-35.7387	1.9	0.81	2.4581	0.49	310.54	A3tm1	500875.0	9241000.0
0.0	2.03	0.85	0.0402	0.47	288.68	A3tm1	500125.0	9227250.0
-35.162	2.94	1.3	0.7806	3.45	259.88	A3tm1	503000.0	9236000.0
-36.2767	3.78	0.87	0.1848	1.38	336.96	A3tm1	502375.0	9232250.0
-35.3168	2.49	1.48	0.4362	0.31	294.86	A3tm1	503125.0	9238375.0
-45.7298	1.66	1.07	0.076	0.79	291.58	A3tm1	511500.0	9252500.0
-36.1755	9.43	2.03	0.1184	2.73	421.64	A3tm1	504125.0	9238500.0
-43.3904	3.94	1.37	0.0595	0.94	300.19	A3tm1	513750.0	9251500.0
-43.6525	4.71	1.04	0.0137	0.47	304.51	A3tm1	512125.0	9250750.0
-35.6056	6.37	1.75	0.0689	0.72	255.65	A3tm1	502625.0	9234250.0
-43.3707	2.1	1.73	0.0661	0.86	298.14	A3tm1	507875.0	9249125.0
-38.5534	1.29	0.31	1.4993	0.74	297.44	A3tm1	501750.0	9243625.0
-41.0318	1.6	0.8	0.1066	0.76	280.73	A3tm1	504000.0	9246625.0
-43.6799	6.18	1.27	0.0552	1.42	286.82	A3tm1	510000.0	9250125.0
-35.9929	3.24	1.09	0.4694	1.28	287.02	A3tm1	501625.0	9240875.0
-35.4506	3.95	0.89	0.1746	0.14	271.7	A3tm1	501000.0	9230125.0
-35.159	8.0	2.4	0.1586	0.77	255.35	A3tm1	501375.0	9233875.0
-35.9184	4.75	1.07	0.226	1.23	298.72	A3tm1	503500.0	9239000.0
-35.0817	1.34	0.18	0.2579	0.25	281.97	A3tm1	500875.0	9237250.0
-35.5124	4.13	0.92	1.8225	2.05	309.77	A3tm1	500625.0	9240000.0
-35.7397	2.53	0.66	0.204	0.63	270.41	A3tm1	502125.0	9233375.0
-35.5696	2.43	0.66	0.7422	3.41	298.48	A3tm1	503875.0	9236375.0
-34.6953	2.39	1.2	0.0529	0.62	285.68	A3tm1	501375.0	9227625.0
-35.4872	3.4	0.92	0.8932	1.41	293.86	A3tm1	501875.0	9239875.0
-36.0632	0.76	0.53	0.4723	0.59	304.27	A3tm1	501125.0	9241500.0
-43.4727	3.38	1.53	0.0664	0.89	290.2	A3tm1	509125.0	9249500.0
-34.8998	2.05	2.16	0.2033	0.97	266.34	A3tm1	501250.0	9236750.0
-34.8043	3.75	0.8	0.2675	1.99	529.06	A3tm1	500750.0	9234625.0
-34.9877	4.46	1.82	0.2027	3.9	253.54	A3tm1	502250.0	9235500.0
-37.6093	0.82	0.69	0.52	0.6	316.65	A3tm1	501750.0	9242625.0
-38.0972	1.46	0.57	0.2025	0.43	266.02	A3tm1	500250.0	9244500.0
-39.7601	3.89	1.83	0.1466	0.43	275.89	A3tm1	501250.0	9245875.0
-35.2794	1.92	1.23	0.2392	0.21	291.32	A3tm1	500875.0	9231500.0
-36.2477	6.0	2.27	0.2453	2.38	311.13	A3tm1	502250.0	9240750.0
-44.2224	2.05	0.74	0.0109	0.62	301.24	A3tm1	512875.0	9251750.0
0.0	3.98	0.77	0.1129	2.4	283.94	A3tm1	500125.0	9238625.0
-35.6987	3.16	1.69	0.3208	0.83	285.6	A3tm1	501375.0	9231125.0
-35.9266	9.69	1.17	0.0946	2.21	328.14	A3tm1	504000.0	9238250.0
-34.862	-0.24	0.73	2.7997	-0.04	287.75	A3tm1	502625.0	9237250.0
-34.0323	4.32	1.41	0.0923	0.44	276.33	A3tm1	500250.0	9228125.0
0.0	5.52	1.08	0.0216	1.49	281.6	A3tm1	500125.0	9237250.0
-35.9046	6.15	1.93	0.4184	1.86	299.61	A3tm1	502125.0	9240375.0
-35.5793	3.37	1.51	0.3687	1.28	342.42	A3tm1	502875.0	9239250.0
-36.3825	4.17	0.93	0.2352	4.2	312.48	A3tm1	504250.0	9234875.0
-44.164	4.7	1.8	0.0524	0.14	296.31	A3tm1	513250.0	9252000.0
-34.7971	5.12	0.6	0.0583	2.23	600.0	A3tm1	500625.0	9235375.0
-35.6892	2.69	0.77	0.4917	0.83	303.48	A3tm1	503250.0	9239000.0
-35.0074	2.34	0.9	0.2523	1.0	359.73	A3tm1	500625.0	9232375.0
0.0	7.25	1.52	0.1575	0.89	0.0	A3tm1	500000.0	9246375.0
-34.3286	3.27	1.3	0.0838	0.73	271.53	A3tm1	501750.0	9226500.0
-36.5543	1.4	0.26	1.6077	0.64	336.32	A3tm1	501000.0	9242375.0
-35.2435	1.05	0.19	1.4611	0.27	364.55	A3tm1	503500.0	9236875.0
0.0	5.68	1.49	0.036	2.99	0.0	A3tm1	500000.0	9235750.0
-40.8276	1.26	0.95	0.1357	0.45	297.63	A3tm1	503875.0	9246000.0
-36.8924	0.65	1.19	0.9537	0.51	335.25	A3tm1	501750.0	9241875.0
-35.0393	6.01	3.4	0.062	0.6	258.97	A3tm1	501000.0	9233625.0
-38.8711	2.61	0.9	0.3061	0.95	273.34	A3tm1	501750.0	9244000.0
-35.6604	3.8	1.63	0.363	1.38	335.87	A3tm1	503000.0	9239250.0
-43.285	2.94	1.33	0.0655	1.08	298.61	A3tm1	513625.0	9251250.0
-40.548	2.0	1.13	0.3125	0.72	281.54	A3tm1	503250.0	9245625.0
-35.5375	6.24	1.89	0.4307	4.05	300.97	A3tm1	503375.0	9235375.0
-43.8065	4.55	0.77	0.0614	1.2	279.47	A3tm1	508750.0	9250000.0
-34.9928	9.18	2.86	0.0235	1.3	282.3	A3tm1	501875.0	9227375.0
-41.3912	1.58	1.09	0.0707	0.69	272.43	A3tm1	504250.0	9247500.0
-34.7933	3.69	1.61	0.6759	0.47	257.96	A3tm1	502000.0	9237000.0
-35.1952	4.06	2.61	0.0411	0.43	265.66	A3tm1	501250.0	9233500.0
-43.9583	6.34	0.77	0.0442	1.33	289.26	A3tm1	509500.0	9250375.0
-38.8928	2.74	1.35	2.0373	0.72	277.94	A3tm1	502375.0	9243375.0
-43.2798	2.52	2.21	0.0211	0.85	288.53	A3tm1	507375.0	9249125.0
-39.7271	2.81	1.14	0.58	0.75	273.01	A3tm1	501500.0	9245500.0
-35.0417	2.63	1.65	0.0247	1.37	263.75	A3tm1	501750.0	9234625.0
-34.7705	8.75	3.13	0.0407	1.02	254.03	A3tm1	500375.0	9233625.0
0.0	1.9	0.83	0.0383	0.49	0.0	A3tm1	500000.0	9229000.0
-36.1732	1.23	1.31	0.1558	0.69	338.63	A3tm1	502500.0	9232875.0
-34.8575	6.3	3.6	0.0471	0.73	266.75	A3tm1	500625.0	9233875.0
-43.524	5.1	1.77	0.0727	0.75	312.73	A3tm1	511000.0	9250250.0
-40.1925	2.03	0.96	0.1282	0.72	263.33	A3tm1	501750.0	9246250.0
-43.0857	4.04	1.61	0.0701	0.55	316.2	A3tm1	512000.0	9250125.0
0.0	2.51	0.96	0.0046	0.45	0.0	A3tm1	500000.0	9229375.0
-35.7521	4.52	1.01	0.1897	0.54	291.21	A3tm1	501375.0	9230250.0
-42.6904	3.6	1.55	0.1015	0.84	304.04	A3tm1	514750.0	9251375.0
-34.9068	-0.37	0.48	2.2099	-0.04	295.74	A3tm1	502750.0	9237250.0
-39.2743	4.15	1.37	0.2099	0.76	263.26	A3tm1	500500.0	9245875.0
-33.6037	2.89	1.02	0.0204	0.21	280.6	A3tm1	500750.0	9226750.0
-35.2756	2.56	0.45	0.1924	2.25	345.44	A3tm1	501000.0	9239125.0
-45.3313	3.79	1.94	0.0284	1.23	316.09	A3tm1	510375.0	9252000.0
-44.6371	2.45	1.06	0.0327	0.79	295.3	A3tm1	511250.0	9251375.0
-34.9823	-0.06	-0.06	1.6472	-0.02	315.31	A3tm1	503000.0	9237125.0
-46.536	0.94	0.42	0.0233	0.44	301.02	A3xi	549625.0	9260125.0
-38.6303	1.43	0.68	0.0339	1.83	321.2	A3xi	542375.0	9248375.0
-45.7137	3.53	0.55	0.0689	1.64	283.41	A3xi	549250.0	9270875.0
-47.9631	2.15	1.23	0.0697	0.94	267.88	A3xi	504000.0	9281000.0
-45.4004	2.53	0.75	0.1785	1.54	345.66	A3xi	529000.0	9274000.0
-41.6047	0.1	0.51	0.008	1.73	323.92	A3xi	538125.0	9257750.0
-48.9512	0.79	0.37	0.0721	0.84	316.02	A3xi	507750.0	9281250.0
-42.8789	2.13	1.02	0.0762	0.92	298.59	A3xi	544125.0	9253625.0
-43.4522	8.14	2.31	0.2491	2.39	276.69	A3xi	504750.0	9260750.0
-46.1479	3.04	1.12	1.2408	0.56	287.68	A3xi	526000.0	9270625.0
-44.9484	4.82	3.01	0.0481	1.15	297.62	A3xi	503500.0	9263500.0
-47.6853	4.11	0.4	0.4512	1.5	439.2	A3xi	514375.0	9276750.0
-44.2091	2.99	1.11	0.9099	2.21	308.98	A3xi	532750.0	9273375.0
-45.4054	0.16	0.25	0.0326	0.38	306.81	A3xi	547125.0	9260250.0
-42.8275	4.91	1.09	0.1823	2.08	279.8	A3xi	539375.0	9271750.0
-38.409	3.65	1.58	0.1105	1.55	332.86	A3xi	539500.0	9249375.0
-38.0879	4.62	1.43	0.0207	1.77	323.38	A3xi	540750.0	9248250.0
-43.3303	0.92	0.71	0.0202	1.14	288.02	A3xi	553875.0	9250000.0
-41.7919	3.77	1.03	0.131	1.03	306.59	A3xi	542750.0	9252750.0
-45.6186	4.63	1.33	0.0323	1.71	280.63	A3xi	505125.0	9270875.0
-47.3834	8.52	3.3	0.3379	1.68	306.32	A3xi	513125.0	9271250.0
-47.8154	2.09	0.46	0.0422	1.64	273.75	A3xi	553000.0	9261000.0
-47.2451	2.39	0.75	0.0609	0.83	277.91	A3xi	520625.0	9280625.0
-43.6587	3.11	1.2	0.0905	1.95	315.49	A3xi	535500.0	9262125.0
-46.8933	8.12	1.41	0.0422	2.01	289.7	A3xi	527125.0	9267625.0
-42.9595	2.66	0.82	0.0699	1.24	296.38	A3xi	544250.0	9253750.0
-44.9709	2.82	0.86	0.1566	0.73	278.5	A3xi	551000.0	9267125.0
-42.7557	2.54	0.34	0.8625	1.39	289.06	A3xi	538500.0	9271875.0
-43.3596	2.52	0.8	0.1342	1.26	286.97	A3xi	539500.0	9266375.0
-41.5859	1.75	0.49	0.0523	0.76	306.81	A3xi	532750.0	9261750.0
-42.4242	2.63	0.72	0.068	1.72	309.92	A3xi	534250.0	9261500.0
-40.6712	2.43	0.93	0.0242	2.0	313.48	A3xi	544125.0	9250375.0
-39.0722	3.5	0.96	0.0643	3.42	315.18	A3xi	544750.0	9247000.0
-48.0817	1.56	0.74	0.0385	1.41	276.84	A3xi	554750.0	9261750.0
-47.2715	2.5	1.73	0.4698	0.51	277.38	A3xi	523875.0	9270125.0
-37.97	5.76	2.61	0.2053	1.8	288.64	A3xi	553750.0	9280625.0
-40.8291	1.58	0.49	0.0581	0.92	292.72	A3xi	551250.0	9249500.0
-40.3267	1.26	0.16	0.0377	1.95	294.77	A3xi	549375.0	9248875.0
-48.0023	3.75	1.12	0.1234	0.85	296.79	A3xi	522125.0	9268625.0
-48.263	0.51	0.18	0.1851	1.3	308.78	A3xi	505875.0	9279000.0
-45.63	1.01	0.29	0.0779	0.74	281.98	A3xi	551875.0	9257750.0
-41.8213	2.04	0.64	0.2088	2.15	335.93	A3xi	546875.0	9251125.0
-38.9402	8.09	2.0	0.0532	2.51	306.81	A3xi	537750.0	9251500.0
-48.9246	2.24	0.55	0.2462	1.05	266.53	A3xi	519875.0	9272000.0
-45.7685	2.78	0.65	0.2629	1.93	297.46	A3xi	504000.0	9268375.0
-45.0126	-0.19	0.29	0.0265	0.76	319.67	A3xi	540875.0	9259500.0
-46.6187	6.33	2.91	0.494	2.83	394.25	A3xi	507750.0	9263375.0
-39.848	1.82	0.59	0.0501	2.89	313.28	A3xi	534500.0	9257375.0
-43.6451	2.09	1.06	0.0585	0.96	293.37	A3xi	545875.0	9256000.0
-44.5295	4.58	0.88	0.0393	2.01	276.03	A3xi	543000.0	9272750.0
-44.5618	4.49	1.3	0.2896	1.36	320.8	A3xi	530875.0	9272625.0
-39.7691	1.13	0.65	0.035	2.32	321.17	A3xi	538125.0	9255750.0
-45.2665	1.62	0.66	0.2831	1.92	301.05	A3xi	528375.0	9272625.0
-39.3354	7.13	1.55	0.0967	3.59	303.59	A3xi	531250.0	9257625.0
-47.0641	2.92	1.04	0.0555	1.28	294.91	A3xi	512125.0	9265000.0
-40.178	2.15	0.7	0.0464	1.19	323.37	A3xi	543250.0	9250250.0
0.0	0.8	1.09	0.0722	0.38	286.81	A3xi	506500.0	9281500.0
-49.0546	1.76	0.85	0.1891	0.63	268.21	A3xi	508750.0	9281125.0
-48.2447	4.2	2.18	0.0999	1.26	291.79	A3xi	515250.0	9264500.0
-47.9755	2.26	-0.3	0.1322	0.76	344.56	A3xi	523875.0	9277625.0
-41.3321	2.7	1.51	0.0778	1.45	294.73	A3xi	533125.0	9260875.0
-43.4342	1.36	0.85	0.397	1.55	311.11	A3xi	535750.0	9274250.0
-45.5464	4.06	1.22	0.6157	0.38	301.41	A3xi	527375.0	9271750.0
-44.8882	0.95	0.34	0.0177	0.73	314.96	A3xi	545750.0	9259500.0
-42.0862	4.69	0.64	0.9783	1.33	293.18	A3xi	500750.0	9270250.0
-46.3661	2.04	1.28	0.0396	0.3	266.98	A3xi	554750.0	9266750.0
-39.1946	1.85	0.94	0.0748	1.49	316.88	A3xi	542750.0	9249250.0
-41.7126	0.63	0.59	0.0701	1.52	309.72	A3xi	544375.0	9251500.0
-48.6172	5.2	1.38	0.3769	1.59	304.52	A3xi	519875.0	9265000.0
-41.7314	5.15	1.34	0.8993	1.54	284.86	A3xi	529625.0	9262000.0
-38.4841	2.71	0.81	0.08	1.64	323.18	A3xi	541625.0	9248625.0
-39.355	5.58	1.85	0.1135	3.74	304.69	A3xi	531125.0	9258000.0
-46.1735	2.43	1.3	0.2889	1.24	296.37	A3xi	527000.0	9273000.0
-46.6259	1.37	0.06	0.0204	1.61	290.08	A3xi	552125.0	9258875.0
-39.8331	3.91	1.86	0.3009	1.68	277.27	A3xi	547750.0	9280250.0
-45.3255	5.41	0.97	0.0749	2.66	259.06	A3xi	545875.0	9271625.0
-39.678	1.37	0.77	0.0316	2.8	330.38	A3xi	534750.0	9256750.0
-40.9437	2.62	0.88	0.5508	0.29	265.54	A3xi	554125.0	9275625.0
-39.6422	1.91	1.09	0.0947	1.78	301.55	A3xi	539250.0	9254250.0
0.0	2.02	1.15	0.0517	1.77	0.0	A3xi	555250.0	9253000.0
-39.1632	1.25	0.26	0.0546	2.27	328.67	A3xi	546750.0	9246875.0
-47.2457	3.33	1.03	0.4284	1.83	298.24	A3xi	509875.0	9270625.0
-48.1168	1.91	1.4	0.0478	0.97	307.91	A3xi	515625.0	9266875.0
-48.3359	3.11	0.63	0.1327	0.3	288.25	A3xi	520750.0	9269375.0
-48.1146	1.81	0.61	0.1145	1.71	288.06	A3xi	513625.0	9269000.0
-44.014	1.21	0.57	0.0344	0.51	308.4	A3xi	542625.0	9257875.0
-43.6503	1.4	0.1	0.0973	1.58	305.77	A3xi	535500.0	9267750.0
-42.6198	1.53	1.31	0.1584	0.41	285.01	A3xi	553750.0	9271500.0
-43.942	4.16	0.84	0.1557	2.19	292.14	A3xi	534875.0	9266500.0
-38.3167	4.53	1.56	0.0595	1.29	321.66	A3xi	541000.0	9248625.0
-47.9137	3.36	1.38	0.0133	1.05	288.81	A3xi	514500.0	9265375.0
-48.5423	6.09	1.63	0.2489	0.64	296.16	A3xi	520125.0	9265375.0
-48.6597	6.11	0.88	0.2003	1.82	317.85	A3xi	519250.0	9264250.0
-48.2568	3.62	1.28	0.0306	0.86	289.7	A3xi	523125.0	9265375.0
-43.9949	1.25	0.74	0.1163	1.67	289.84	A3xi	551625.0	9255750.0
-45.0957	0.25	0.19	0.0139	0.77	306.11	A3xi	546000.0	9260875.0
-43.7958	2.84	0.62	0.0442	2.02	294.93	A3xi	544625.0	9256375.0
-42.7506	3.39	1.18	0.0787	2.15	373.73	A3xi	533875.0	9263000.0
-44.3858	-0.31	0.22	0.0169	0.51	307.2	A3xi	544250.0	9258250.0
-48.2319	3.92	1.63	0.0606	0.62	305.78	A3xi	514625.0	9263000.0
-43.7696	6.54	1.97	0.3427	2.75	406.7	A4_gamma_2pl	533250.0	9277000.0
-46.6397	3.33	2.25	0.0284	2.21	315.66	A4_gamma_2pl	505000.0	9266125.0
-46.528	6.04	2.56	0.1045	3.45	319.98	A4_gamma_2pl	528125.0	9275500.0
-48.2528	5.9	2.2	0.0725	2.4	357.99	A4_gamma_2pl	524750.0	9275250.0
0.0	6.8	1.88	0.2013	2.52	374.6	A4_gamma_2pl	523875.0	9281500.0
-44.1858	6.45	1.48	0.0337	1.3	328.88	A4_gamma_2pl	532375.0	9280875.0
-45.6882	3.09	0.69	0.1531	2.53	336.13	A4_gamma_2pl	529125.0	9275875.0
-47.0435	5.32	0.72	0.0944	3.66	422.71	A4_gamma_2pl	527625.0	9276375.0
-44.3068	5.12	1.62	0.1094	0.95	283.74	A4_gamma_2pl	502000.0	9265500.0
-48.3806	3.7	1.43	0.12	2.3	274.09	A4_gamma_2pl	519625.0	9274125.0
-48.3041	6.75	1.17	0.0399	2.31	346.38	A4_gamma_2pl	524500.0	9275750.0
0.0	5.77	2.44	0.1244	2.25	301.99	A4_gamma_2pl	500125.0	9281250.0
0.0	4.91	2.43	0.066	1.6	287.89	A4_gamma_2pl	500125.0	9281000.0
-46.3211	5.31	3.01	0.0283	1.73	276.07	A4_gamma_2pl	500750.0	9280750.0
-44.8654	6.87	1.68	0.1713	2.57	346.77	A4_gamma_2pl	539125.0	9277625.0
-47.8943	3.46	1.35	0.1047	1.82	310.2	A4_gamma_2pl	512250.0	9267375.0
-45.2506	4.45	1.47	0.1401	1.44	318.12	A4_gamma_2pl	503000.0	9266000.0
-43.891	5.83	2.0	0.2009	1.96	305.51	A4_gamma_2pl	537125.0	9280125.0
-45.8856	2.28	0.52	0.1819	2.04	322.68	A4_gamma_2pl	544000.0	9276750.0
-44.9067	4.38	1.42	0.5293	3.6	325.14	A4_gamma_2pl	531750.0	9269750.0
-45.5536	4.85	1.26	0.0644	2.74	340.17	A4_gamma_2pl	529250.0	9275375.0
-47.1881	6.26	1.59	0.0314	3.24	313.94	A4_gamma_2pl	527125.0	9275000.0
-48.2161	7.0	1.85	0.0576	2.83	409.88	A4_gamma_2pl	525750.0	9276500.0
-47.2186	6.47	2.0	0.0181	2.34	312.68	A4_gamma_2pl	507000.0	9266625.0
-47.7501	5.01	1.78	0.0969	2.77	294.12	A4_gamma_2pl	525375.0	9274250.0
-46.9438	3.49	2.22	1.0039	1.16	315.5	A4_gamma_2pl	513375.0	9272125.0
-41.7182	5.14	1.93	0.7618	1.89	256.89	A4_gamma_2pl	553000.0	9276375.0
-43.4885	6.96	2.58	0.1855	0.77	306.15	A4_gamma_2pl	541000.0	9280625.0
-45.7119	5.89	1.59	0.054	3.73	348.53	A4_gamma_2pl	543500.0	9277875.0
-45.0846	5.85	1.33	0.1216	3.3	329.11	A4_gamma_2pl	544000.0	9278500.0
-43.7466	6.56	1.18	0.2299	4.23	350.51	A4_gamma_2pl	534250.0	9269875.0
-47.3313	6.91	1.32	0.2301	2.18	410.59	A4_gamma_2pl	519500.0	9277375.0
-47.8737	5.86	1.01	0.0309	1.84	308.47	A4_gamma_2pl	510875.0	9268250.0
-45.4271	4.59	1.58	0.2213	3.66	320.09	A4_gamma_2pl	529000.0	9270125.0
-45.2725	6.18	1.25	0.1078	3.43	328.86	A4_gamma_2pl	543875.0	9278375.0
-44.0876	8.69	1.85	0.1737	1.99	332.14	A4_gamma_2pl	534125.0	9279500.0
-47.3549	7.76	2.09	0.2619	3.16	315.67	A4_gamma_2pl	506375.0	9264875.0
-45.7305	2.93	1.12	0.2182	2.11	282.87	A4_gamma_2pl	527375.0	9270125.0
-42.3467	3.39	1.01	1.4511	0.92	311.25	A4_gamma_2pl	538875.0	9270375.0
-46.16	5.96	0.64	0.0362	3.15	346.97	A4_gamma_2pl	528125.0	9274375.0
-47.1781	5.63	1.17	0.068	2.09	304.3	A4_gamma_2pl	508375.0	9267875.0
-44.0799	7.13	1.7	0.0219	1.17	343.49	A4_gamma_2pl	536375.0	9277250.0
-47.3109	5.03	1.54	0.0683	1.93	330.17	A4_gamma_2pl	507750.0	9266750.0
-47.7792	6.6	2.13	0.0837	1.87	335.48	A4_gamma_2pl	511250.0	9267125.0
-45.8221	6.75	2.95	0.1004	2.46	303.14	A4_gamma_2pl	523250.0	9281000.0
-47.6677	5.54	1.33	0.5221	3.1	314.87	A4_gamma_2pl	516250.0	9272500.0
-47.7109	2.88	1.66	0.2093	1.68	380.72	A4_gamma_2pl	517000.0	9273250.0
-42.902	4.21	1.28	0.5762	2.4	305.67	A4_gamma_2pl	547750.0	9278000.0
-43.5096	10.24	1.93	0.0537	3.96	345.46	A4_gamma_2pl	539000.0	9280625.0
-46.1939	4.45	1.84	0.1166	3.79	318.37	A4_gamma_2pl	528500.0	9275500.0
-45.8553	5.6	2.04	0.0298	1.21	285.7	A4_gamma_2pl	500250.0	9280250.0
-45.7468	6.88	1.44	0.1417	3.27	350.92	A4_gamma_2pl	542000.0	9278000.0
-44.0194	5.78	1.01	0.1023	0.91	319.04	A4_gamma_2pl	533625.0	9280125.0
-44.1683	5.83	1.56	0.0767	5.04	326.59	A4_gamma_2pl	539125.0	9279750.0
-46.6288	6.75	2.66	0.2637	0.98	313.75	A4_gamma_2pl	527625.0	9277750.0
-44.1182	10.13	1.76	0.0784	1.88	317.59	A4_gamma_2pl	536625.0	9279750.0
-46.1471	9.18	2.46	0.1224	3.1	345.45	A4_gamma_2pl	523250.0	9280625.0
-43.9707	7.22	1.56	0.0746	1.67	386.46	A4_gamma_2pl	535750.0	9277125.0
-46.0062	2.53	0.66	0.0521	1.39	279.4	A4_gamma_2pl	526500.0	9270000.0
-44.5659	5.58	1.4	0.1968	2.03	380.5	A4_gamma_2pl	530375.0	9276875.0
-45.221	7.33	2.32	0.1784	4.06	327.62	A4_gamma_2pl	542250.0	9278875.0
-48.244	2.27	1.29	0.0482	0.86	326.18	A4_gamma_2pl	523875.0	9276375.0
-47.3862	4.37	1.3	0.0596	2.7	315.73	A4_gamma_2pl	527125.0	9275625.0
-44.2333	6.01	1.28	0.0912	2.69	354.69	A4_gamma_2pl	537625.0	9276875.0
-44.3541	7.41	1.35	1.3871	2.26	326.06	A4_gamma_2pl	544375.0	9279000.0
-46.1694	6.14	1.64	0.0186	1.28	282.78	A4_gamma_2pl	500625.0	9280375.0
-45.8338	4.56	1.78	0.1314	2.98	353.25	A4_gamma_2pl	503750.0	9266000.0
-42.9695	4.57	1.58	0.4321	2.1	290.08	A4_gamma_2pl	548500.0	9277500.0
-43.0254	3.26	0.93	1.3743	0.49	389.55	A4_gamma_2pl	535750.0	9270750.0
-44.3007	5.08	1.54	0.0528	4.46	314.23	A4_gamma_2pl	539500.0	9279625.0
-47.399	7.33	1.94	0.0796	1.65	310.97	A4_gamma_2pl	508875.0	9267250.0
-48.0544	2.86	0.63	0.1621	2.12	290.02	A4_gamma_2pl	523625.0	9273250.0
-45.7033	6.24	3.11	0.1313	4.47	331.59	A4_gamma_2pl	541000.0	9277125.0
-42.4916	3.68	1.89	1.3082	0.75	326.69	A4_gamma_2pl	538000.0	9270500.0
-46.982	5.46	1.93	0.0212	2.4	321.51	A4_gamma_2pl	505875.0	9266375.0
-47.1028	4.81	1.05	0.0302	1.83	282.36	A4_gamma_2pl	502250.0	9281250.0
-43.944	7.67	1.97	0.0842	2.06	313.86	A4_gamma_2pl	535125.0	9280375.0
-48.4304	4.49	1.37	0.0927	2.53	336.97	A4_gamma_2pl	518500.0	9273125.0
-45.9514	4.33	1.85	0.0738	3.3	334.36	A4_gamma_2pl	542000.0	9277375.0
-44.1482	9.45	2.26	0.1902	1.66	332.79	A4_gamma_2pl	534500.0	9279125.0
-43.767	5.6	2.16	0.2573	2.86	359.17	A4_gamma_2pl	534500.0	9276750.0
-43.667	4.57	1.55	0.2063	2.3	320.53	A4_gamma_2pl	536625.0	9275750.0
-44.8663	6.36	2.66	0.1178	1.78	292.3	A4_gamma_2pl	502875.0	9264875.0
-47.8982	3.52	1.22	0.0822	1.2	295.4	A4_gamma_2pl	524500.0	9273875.0
-44.2655	6.38	2.51	0.8526	1.44	324.07	A4_gamma_2pl	542750.0	9279625.0
-45.0183	5.44	0.61	0.0714	1.75	294.14	A4_gamma_2pl	502625.0	9266375.0
-45.3472	7.09	2.0	0.3356	1.46	308.86	A4_gamma_2pl	524000.0	9281125.0
-42.4567	3.78	1.26	0.604	1.67	279.31	A4_gamma_2pl	550250.0	9277125.0
0.0	4.69	2.26	0.0987	1.43	349.42	A4_gamma_2pl	531125.0	9281500.0
-45.1253	4.73	1.69	0.2341	3.55	319.09	A4_gamma_2pl	543250.0	9278750.0
-46.7355	4.79	2.18	0.0296	2.56	332.56	A4_gamma_2pl	505250.0	9266375.0
-47.6391	7.23	1.97	0.1468	3.57	325.99	A4_gamma_2pl	526625.0	9277375.0
-46.5702	5.31	1.22	0.1428	3.54	418.14	A4_gamma_2pl	528125.0	9276500.0
-45.014	8.36	1.84	0.365	1.9	358.26	A4_gamma_2pl	529500.0	9277375.0
-43.7379	4.39	1.78	0.2978	2.66	364.21	A4_gamma_2pl	533250.0	9276750.0
-43.8451	5.69	1.56	0.3064	1.47	346.33	A4_gamma_2pl	532500.0	9277375.0
-45.0776	5.61	2.03	0.1874	3.31	314.21	A4_gamma_2pl	545125.0	9277750.0
-47.406	3.21	1.74	0.0447	0.7	318.64	A4_gamma_2pl	507250.0	9266125.0
-45.3517	5.11	1.89	0.0648	3.73	323.24	A4_gamma_2pl	543250.0	9278500.0
-47.7898	6.29	2.11	0.1563	3.21	352.29	A4_gamma_2pl	525875.0	9274750.0
-47.2139	1.83	0.57	1.0026	0.38	318.22	A4_mu_c	513125.0	9263625.0
-48.4725	5.52	0.77	0.1997	1.18	286.81	A4_mu_c	516875.0	9265125.0
-45.7054	0.3	0.56	9.9943	0.21	331.11	A4_mu_c	510000.0	9262750.0
-47.0677	7.65	1.35	0.2018	1.81	306.61	A4_mu_c	512750.0	9264250.0
-47.5818	4.7	1.09	1.0796	0.59	307.04	A4_mu_c	513625.0	9263625.0
-47.6797	5.87	1.29	0.5154	0.65	301.42	A4_mu_c	513750.0	9263500.0
-48.3695	2.47	1.23	0.1216	1.33	283.19	A4_mu_c	520375.0	9266750.0
-46.328	-0.39	-0.05	1.1156	0.07	486.93	A4_mu_c	511875.0	9263375.0
-48.497	-0.58	0.57	2.3639	0.19	330.16	A4_mu_c	519125.0	9266125.0
-43.7731	2.91	0.95	2.3591	1.78	291.64	A4_mu_c	507875.0	9259625.0
-45.6066	1.62	1.16	1.1379	0.89	323.07	A4_mu_c	511375.0	9261125.0
-47.7254	6.76	1.57	0.1968	0.91	295.52	A4_mu_c	513875.0	9264000.0
-44.3118	3.79	1.85	5.3879	1.1	311.53	A4_mu_c	508250.0	9260625.0
-48.5225	2.45	-0.24	0.9332	0.8	282.93	A4_mu_c	517375.0	9265250.0
-44.5546	3.92	2.19	1.3533	3.37	292.35	A4_mu_c	509250.0	9259375.0
-47.7931	3.52	1.08	0.0745	0.91	294.1	A4_mu_c	514125.0	9264750.0
-46.9488	1.9	0.49	1.0325	0.79	334.97	A4_mu_c	512750.0	9263625.0
-45.9202	-0.69	0.0	0.8608	0.02	372.51	A4_mu_c	511375.0	9262750.0
-48.4761	2.1	0.9	1.0785	0.57	283.08	A4_mu_c	519000.0	9266500.0
-44.4079	4.48	2.1	1.9186	3.66	294.18	A4_mu_c	509000.0	9259625.0
-48.4817	2.27	1.33	1.0135	0.55	286.14	A4_mu_c	518750.0	9266500.0
-47.7039	5.49	1.11	0.0699	1.39	291.42	A4_mu_c	513875.0	9264375.0
-45.6444	-0.17	0.19	2.8886	0.02	359.24	A4_mu_c	510875.0	9262375.0
-44.8574	7.46	2.7	5.7548	3.57	323.27	A4_mu_c	509875.0	9260625.0
-48.5803	1.01	1.16	3.6119	0.58	316.53	A4_mu_c	519000.0	9265375.0
-47.9801	2.85	1.43	0.03	0.62	287.45	A4_mu_c	514625.0	9265000.0
-45.8134	-0.43	0.31	0.5673	-0.01	351.92	A4_mu_c	511250.0	9262500.0
-44.4234	4.08	2.11	4.3345	1.12	308.52	A4_mu_c	508250.0	9260875.0
-46.4156	2.26	1.23	0.5789	0.63	312.04	A4_mu_c	511000.0	9264000.0
-46.0547	3.26	1.53	3.6314	1.91	320.08	A4_mu_c	509375.0	9263125.0
-44.2002	3.45	1.52	6.2854	1.35	307.89	A4_mu_c	508250.0	9260375.0
-46.3731	1.83	0.81	0.9657	0.33	330.79	A4_mu_c	511500.0	9263875.0
-45.1564	3.88	1.47	2.3547	2.14	325.86	A4_mu_c	510500.0	9261125.0
-48.0158	4.4	2.06	0.0772	0.93	293.3	A4_mu_c	514500.0	9264375.0
-43.561	6.31	2.25	1.3932	1.42	282.04	A4_mu_c	507750.0	9259000.0
-44.2532	3.08	1.9	7.5954	1.75	311.44	A4_mu_c	508500.0	9260250.0
-46.4168	2.09	1.1	0.6869	0.38	328.58	A4_mu_c	512250.0	9262250.0
-45.7689	2.54	1.17	6.5306	1.36	333.74	A4_mu_c	509500.0	9262750.0
-48.5141	0.62	0.6	0.6995	0.2	317.87	A4_mu_c	519625.0	9265750.0
-44.7635	2.94	1.67	6.6321	0.73	326.25	A4_mu_c	508750.0	9261250.0
-46.5024	0.74	0.01	1.1573	0.45	458.56	A4_mu_c	512125.0	9263500.0
-44.9971	3.04	1.4	5.4394	0.49	338.78	A4_mu_c	509625.0	9261375.0
-48.4378	3.08	0.92	0.6886	1.45	293.26	A4_mu_c	519500.0	9266625.0
-48.4729	5.26	0.8	0.2543	0.93	283.61	A4_mu_c	517000.0	9265375.0
-45.4357	0.84	0.37	8.0808	0.24	346.44	A4_mu_c	510250.0	9262125.0
-46.2601	-0.17	0.31	0.3358	0.07	464.23	A4_mu_c	511875.0	9263125.0
-43.5382	4.07	1.68	2.399	1.4	310.64	A4_mu_c	507125.0	9260000.0
-46.0003	2.62	1.07	2.9261	1.55	319.59	A4_mu_c	509625.0	9263125.0
-45.3756	3.26	1.17	3.8289	1.18	346.28	A4_mu_c	508625.0	9262125.0
-46.0003	2.62	1.07	2.9261	1.55	319.59	A4_mu_c	509625.0	9263125.0
-44.9883	3.54	1.71	2.9209	1.02	355.66	A4_mu_c	508625.0	9261625.0
-48.5188	2.13	1.03	1.6759	0.45	285.48	A4_mu_c	517875.0	9265875.0
-47.3378	5.69	1.46	0.3829	1.51	303.39	A4_mu_c	513250.0	9264125.0
-45.6569	-0.26	0.09	4.289	0.04	348.95	A4_mu_c	510375.0	9262625.0
-48.5534	0.05	0.42	0.9951	0.24	294.37	A4_mu_c	518000.0	9265500.0
-46.5852	2.15	0.44	0.779	0.66	377.4	A4_mu_c	512125.0	9263750.0
-48.5674	0.63	0.75	1.2839	0.22	308.26	A4_mu_c	518125.0	9265375.0
-45.8153	1.33	0.37	2.2308	0.36	338.47	A4_mu_c	511500.0	9261875.0
-43.4796	4.02	1.76	1.4156	1.01	283.21	A4_mu_c	507625.0	9259000.0
-45.9316	-0.6	0.1	0.3168	0.06	370.58	A4_mu_c	511500.0	9262625.0
-43.6037	3.62	1.51	2.7015	1.12	311.93	A4_mu_c	507375.0	9259875.0
-47.274	7.44	1.66	0.2314	1.86	306.73	A4_mu_c	513125.0	9264250.0
-44.497	3.14	1.63	5.6471	0.93	316.34	A4_mu_c	508500.0	9260875.0
-45.1552	1.32	0.76	5.9408	0.36	344.67	A4_mu_c	509500.0	9261750.0
-44.8	6.26	2.32	5.5189	3.26	309.81	A4_mu_c	509750.0	9260500.0
-42.9301	2.75	1.58	2.0031	1.95	286.15	A4_mu_c	506750.0	9259000.0
-45.0822	3.36	1.74	1.6337	1.96	307.93	A4_mu_c	510375.0	9260125.0
-46.0655	-0.1	0.47	0.7861	0.04	359.59	A4_mu_c	511750.0	9262375.0
-47.1492	4.81	1.27	0.5623	1.42	298.3	A4_mu_c	512750.0	9264625.0
-45.0156	3.21	1.54	2.7379	0.75	353.08	A4_mu_c	508875.0	9261625.0
-45.7758	-0.28	0.06	4.1549	0.13	377.03	A4_mu_c	510625.0	9262875.0
-47.9969	5.13	1.54	0.0661	1.07	292.37	A4_mu_c	514500.0	9264500.0
-43.2275	3.41	1.03	2.7856	1.39	291.09	A4_mu_c	507000.0	9259500.0
-48.5596	5.76	1.02	0.3203	1.86	285.75	A4_mu_c	517625.0	9264625.0
-46.0547	3.26	1.53	3.6314	1.91	320.08	A4_mu_c	509375.0	9263125.0
-48.4653	5.63	0.89	0.2183	1.1	286.21	A4_mu_c	516875.0	9265250.0
-48.5899	4.27	1.58	3.7384	0.59	301.66	A4_mu_c	518125.0	9265000.0
-44.9476	1.9	1.38	6.2296	0.3	339.42	A4_mu_c	509375.0	9261375.0
-45.9761	-0.31	0.51	0.7711	0.0	359.73	A4_mu_c	511625.0	9262375.0
-43.3482	1.53	1.27	1.6032	0.83	286.03	A4_mu_c	507375.0	9259125.0
-44.4966	4.61	2.78	3.0363	3.37	314.24	A4_mu_c	509125.0	9260000.0
-46.2206	1.83	0.4	5.1278	0.66	319.65	A4_mu_c	510375.0	9263625.0
-48.5087	1.52	0.78	0.6557	0.3	310.77	A4_mu_c	519750.0	9265750.0
-48.5759	5.19	1.21	0.6978	1.46	288.14	A4_mu_c	517750.0	9264750.0
-46.2166	3.35	0.78	2.0106	1.51	312.3	A4_mu_c	509500.0	9263375.0
-47.3865	8.05	0.81	0.3771	0.37	314.21	A4_mu_c	513375.0	9263250.0
-48.5952	4.83	1.34	0.831	0.98	292.57	A4_mu_c	518000.0	9264750.0
-45.0293	2.75	1.43	3.8113	0.63	354.7	A4_mu_c	509000.0	9261625.0
-47.4898	3.47	0.76	1.2912	0.51	310.1	A4_mu_c	513500.0	9263625.0
-48.4877	4.42	0.35	0.2543	0.83	281.62	A4_mu_c	517125.0	9265375.0
-45.5028	0.54	0.22	6.3248	0.11	347.63	A4_mu_c	510625.0	9262125.0
-45.0171	6.51	2.32	3.116	3.38	319.43	A4_mu_c	510250.0	9260875.0
-45.4484	0.95	0.6	8.0122	0.34	356.17	A4_mu_c	510000.0	9262250.0
-48.541	-0.55	0.59	2.168	-0.11	350.52	A4_mu_c	519000.0	9265750.0
-44.8776	4.05	2.11	1.5843	2.75	292.74	A4_mu_c	509875.0	9259750.0
-44.2624	4.31	2.49	3.8671	3.14	307.76	A4_mu_c	508625.0	9260000.0
-45.978	1.47	0.09	2.2667	0.79	314.49	A4_mu_c	510125.0	9263250.0
-45.1819	3.5	1.88	1.4308	2.15	319.49	A4_mu_c	510625.0	9260250.0
-46.6514	1.85	0.67	1.2243	0.52	315.23	A4_mu_c	512500.0	9262500.0
-47.0677	7.65	1.35	0.2018	1.81	306.61	A4_mu_c	512750.0	9264250.0
-34.9139	6.64	1.73	0.0591	1.98	493.53	PP3_gamma_js	534000.0	9231750.0
-34.807	6.35	1.92	0.027	1.92	504.39	PP3_gamma_js	526375.0	9226500.0
-37.4833	5.04	1.14	0.0265	3.98	364.18	PP3_gamma_js	538875.0	9246875.0
-36.3663	14.99	3.0	0.0373	3.86	527.54	PP3_gamma_js	503000.0	9228500.0
-39.2225	4.61	2.01	0.1394	2.43	518.85	PP3_gamma_js	506250.0	9240375.0
-36.0555	13.92	3.11	0.013	2.55	447.89	PP3_gamma_js	529375.0	9242875.0
-35.2744	6.76	2.36	0.0216	1.62	411.35	PP3_gamma_js	531375.0	9249375.0
-37.8144	8.66	2.7	0.0156	1.64	587.59	PP3_gamma_js	517625.0	9231875.0
-36.1449	7.9	1.65	0.0124	2.17	416.77	PP3_gamma_js	527750.0	9241750.0
-39.2078	9.09	1.35	0.0263	3.98	319.91	PP3_gamma_js	531875.0	9257000.0
-40.1124	9.52	3.83	0.0386	2.31	387.07	PP3_gamma_js	525750.0	9253250.0
-36.6661	6.26	0.69	0.0384	2.48	459.61	PP3_gamma_js	515000.0	9226500.0
-40.4558	8.54	1.37	0.03	1.93	366.25	PP3_gamma_js	521500.0	9249125.0
-41.0107	11.61	2.81	0.0227	2.15	383.13	PP3_gamma_js	522625.0	9251250.0
-40.1254	9.88	3.98	0.0368	2.31	384.43	PP3_gamma_js	525875.0	9253375.0
-36.5556	4.48	0.79	0.0176	1.42	457.54	PP3_gamma_js	516500.0	9228125.0
-41.8439	5.47	1.32	0.0239	1.46	503.07	PP3_gamma_js	513500.0	9246500.0
-36.9348	5.31	0.92	0.0891	1.77	465.49	PP3_gamma_js	535000.0	9236875.0
-35.3029	5.43	2.13	0.0451	2.27	471.42	PP3_gamma_js	529500.0	9235625.0
-39.145	5.55	0.96	0.0307	1.91	544.04	PP3_gamma_js	513875.0	9232750.0
-35.5529	14.75	2.49	0.0308	2.89	307.32	PP3_gamma_js	502625.0	9227250.0
-43.2034	5.89	1.6	0.1465	2.85	315.55	PP3_gamma_js	509125.0	9248875.0
-40.4719	7.1	3.43	0.1287	2.41	377.84	PP3_gamma_js	526250.0	9254375.0
-36.6133	5.91	1.83	0.1329	1.78	449.54	PP3_gamma_js	533875.0	9239750.0
-41.0916	8.56	1.79	0.037	3.88	292.93	PP3_gamma_js	528000.0	9258125.0
-36.1281	4.34	1.37	0.0179	2.23	527.73	PP3_gamma_js	527250.0	9247750.0
-39.558	10.37	2.39	0.0614	3.83	404.67	PP3_gamma_js	535625.0	9255875.0
-40.5948	9.45	1.91	0.0202	0.54	725.52	PP3_gamma_js	512000.0	9238125.0
-36.3517	9.61	2.58	0.0093	2.32	551.01	PP3_gamma_js	521250.0	9230250.0
-36.9549	6.18	1.39	0.1011	2.54	520.79	PP3_gamma_js	514750.0	9227625.0
-39.9891	6.37	1.37	0.0155	2.24	403.0	PP3_gamma_js	507500.0	9242000.0
-37.795	4.97	0.98	0.0401	1.94	509.1	PP3_gamma_js	514625.0	9230000.0
-36.9823	6.24	1.27	0.0225	1.87	304.72	PP3_gamma_js	508000.0	9229375.0
-40.6087	5.49	0.97	0.0624	2.18	606.24	PP3_gamma_js	513500.0	9242500.0
-35.537	5.41	2.34	0.0227	0.96	462.71	PP3_gamma_js	531000.0	9234875.0
-39.2695	6.71	1.88	0.0543	0.76	538.42	PP3_gamma_js	516125.0	9234750.0
-42.1117	5.9	1.43	0.0997	2.08	494.44	PP3_gamma_js	510625.0	9244625.0
-35.2606	9.53	2.52	0.0268	1.22	447.34	PP3_gamma_js	526750.0	9232250.0
-39.9996	5.75	1.1	0.0771	1.36	548.71	PP3_gamma_js	512500.0	9239875.0
-39.8852	11.33	1.72	0.0556	4.38	339.61	PP3_gamma_js	529875.0	9256750.0
-38.6039	6.56	1.34	0.04	1.53	568.89	PP3_gamma_js	515875.0	9233125.0
-40.3334	10.03	2.16	0.0795	2.87	324.35	PP3_gamma_js	529000.0	9255500.0
-42.7285	8.78	1.9	0.0382	2.65	463.31	PP3_gamma_js	508875.0	9246250.0
-36.1929	7.03	1.57	0.0098	0.97	442.86	PP3_gamma_js	528500.0	9241625.0
-34.9528	7.69	2.56	0.0248	1.8	685.8	PP3_gamma_js	531375.0	9229625.0
-35.8001	4.2	1.59	0.1673	2.2	624.13	PP3_gamma_js	526125.0	9243500.0
-39.0168	7.18	1.92	0.0122	2.54	375.49	PP3_gamma_js	534750.0	9254250.0
-36.2205	3.67	1.75	0.033	0.13	446.84	PP3_gamma_js	531500.0	9240250.0
-35.0213	5.83	1.88	0.0884	1.76	447.23	PP3_gamma_js	528875.0	9238500.0
-36.6264	5.78	1.97	0.0356	2.43	581.1	PP3_gamma_js	538750.0	9230250.0
-36.0239	4.4	1.7	0.1353	2.24	541.05	PP3_gamma_js	525875.0	9241500.0
-35.2563	9.26	2.95	0.0193	1.63	297.61	PP3_gamma_js	502750.0	9226625.0
-42.0317	5.68	1.51	0.0136	3.1	420.53	PP3_gamma_js	511500.0	9247250.0
-35.7372	7.1	1.64	0.036	2.1	647.43	PP3_gamma_js	523625.0	9234625.0
-39.2279	4.92	0.99	0.0161	1.54	448.29	PP3_gamma_js	507625.0	9235125.0
-35.9311	11.88	1.78	0.0049	1.68	657.73	PP3_gamma_js	523000.0	9229500.0
-34.9511	7.42	2.34	0.0389	2.69	668.78	PP3_gamma_js	530625.0	9230500.0
-40.3479	6.18	1.97	0.1633	3.01	541.65	PP3_gamma_js	524375.0	9252000.0
-36.3851	5.78	2.1	0.0365	3.82	433.84	PP3_gamma_js	533875.0	9241000.0
-35.4406	7.14	1.31	0.0267	2.38	617.78	PP3_gamma_js	524875.0	9229250.0
-36.0144	12.47	2.38	0.0238	2.01	478.47	PP3_gamma_js	529500.0	9240625.0
-38.544	5.89	2.2	0.0775	2.81	328.02	PP3_gamma_js	543375.0	9245500.0
-41.1046	8.64	2.72	0.0191	2.49	492.34	PP3_gamma_js	521250.0	9250000.0
-36.4564	5.15	1.09	0.1317	2.73	535.04	PP3_gamma_js	523125.0	9244750.0
-36.295	10.66	2.43	0.0266	1.67	469.76	PP3_gamma_js	530625.0	9241625.0
-35.2639	6.88	2.59	0.0125	1.46	525.85	PP3_gamma_js	523625.0	9227125.0
-37.4239	6.07	1.05	0.0534	3.49	348.07	PP3_gamma_js	528375.0	9250875.0
-36.8131	3.19	1.0	0.0466	1.58	635.87	PP3_gamma_js	539500.0	9227125.0
-41.1413	17.08	3.43	0.0617	2.49	601.15	PP3_gamma_js	505750.0	9244500.0
-37.4909	4.96	0.83	0.1305	2.09	494.36	PP3_gamma_js	509875.0	9228125.0
-37.2715	3.48	1.35	0.0194	2.63	357.74	PP3_gamma_js	541875.0	9241125.0
-36.272	5.0	0.33	0.054	1.5	466.61	PP3_gamma_js	520875.0	9238750.0
-34.999	9.24	1.9	0.0319	1.64	519.1	PP3_gamma_js	532125.0	9231125.0
-38.6315	6.88	1.94	0.0444	3.73	414.64	PP3_gamma_js	525875.0	9250375.0
-38.2042	4.49	1.07	0.0512	2.29	504.53	PP3_gamma_js	546000.0	9230625.0
-37.2421	4.0	1.13	0.112	1.57	604.78	PP3_gamma_js	521750.0	9240875.0
-36.1651	4.91	1.22	0.0448	1.93	500.93	PP3_gamma_js	517250.0	9227500.0
-35.3782	3.68	1.16	0.0425	1.55	468.75	PP3_gamma_js	530250.0	9236125.0
-39.7708	6.82	2.28	0.0601	2.63	401.69	PP3_gamma_js	526125.0	9252875.0
-38.6291	8.73	3.18	0.0729	3.48	395.17	PP3_gamma_js	543875.0	9245875.0
-35.5222	9.05	1.63	0.0121	1.81	442.44	PP3_gamma_js	524375.0	9234375.0
-36.3203	13.19	2.3	0.0302	2.03	317.63	PP3_gamma_js	502500.0	9229250.0
-36.7614	6.2	1.53	0.0585	4.03	406.57	PP3_gamma_js	537625.0	9237625.0
-38.5896	9.47	3.04	0.0906	4.39	337.63	PP3_gamma_js	544500.0	9245875.0
-37.4927	6.04	1.14	0.0223	1.74	344.09	PP3_gamma_js	504625.0	9239625.0
-41.0386	7.98	1.9	0.0213	2.27	385.21	PP3_gamma_js	522875.0	9251625.0
-38.4132	7.07	1.45	0.0411	2.23	482.97	PP3_gamma_js	512250.0	9230125.0
-36.4128	6.86	1.97	0.0132	2.65	377.46	PP3_gamma_js	537375.0	9235125.0
-38.0626	6.16	1.04	0.0355	2.48	394.92	PP3_gamma_js	511750.0	9229125.0
-38.7974	4.13	1.68	0.0918	1.73	549.63	PP3_gamma_js	507000.0	9236375.0
-42.7423	8.49	1.88	0.0255	2.82	414.86	PP3_gamma_js	508500.0	9246250.0
-36.7506	5.01	1.37	0.0796	2.2	597.36	PP3_gamma_js	539375.0	9228625.0
0.0	10.06	2.22	0.0376	2.01	0.0	PP3_gamma_js	530750.0	9226250.0
-39.4213	4.25	1.68	0.0226	1.47	351.93	PP3_gamma_js	508125.0	9234750.0
-41.8205	4.68	1.0	0.0578	0.64	663.23	PP3_gamma_js	514250.0	9245375.0
-36.6652	5.09	1.38	0.0438	2.65	438.8	PP3_gamma_js	523000.0	9245125.0
-38.5672	4.8	2.22	0.0467	3.73	359.24	PP3_gamma_js	542375.0	9246625.0
-37.4106	10.12	1.94	0.0216	2.05	700.24	PP3_gamma_js	520250.0	9232625.0
-34.6601	6.28	1.67	0.0308	3.26	438.29	PP3_gamma_js	531000.0	9247375.0
-39.3932	5.94	1.28	0.0518	3.23	304.69	PP3_gamma_js	531000.0	9257000.0
-40.9748	7.66	1.47	0.0903	2.39	359.83	PP3_gamma_vg	551250.0	9234375.0
-39.0203	12.54	2.31	0.1079	4.15	384.19	PP3_gamma_vg	549875.0	9239000.0
-39.5249	19.93	3.52	0.0655	3.56	389.89	PP3_gamma_vg	544500.0	9238000.0
-37.4581	19.26	3.75	0.0366	3.73	393.34	PP3_gamma_vg	541000.0	9233875.0
-37.2077	5.84	0.87	0.0399	1.95	337.27	PP3_gamma_vg	543125.0	9240625.0
-39.2062	17.29	3.18	0.089	4.27	398.08	PP3_gamma_vg	548500.0	9238500.0
-39.3335	17.78	3.75	0.0791	3.47	348.57	PP3_gamma_vg	544375.0	9238125.0
-38.3376	9.31	3.09	0.0469	2.58	399.64	PP3_gamma_vg	542750.0	9237750.0
-37.6484	14.48	3.05	0.0413	1.22	418.36	PP3_gamma_vg	541875.0	9233000.0
-40.703	4.11	1.47	0.0404	2.1	323.85	PP3_gamma_vg	551750.0	9235625.0
-40.45	16.01	3.18	0.0625	3.69	448.28	PP3_gamma_vg	550000.0	9234250.0
-39.0972	16.78	3.9	0.0338	3.94	335.54	PP3_gamma_vg	543250.0	9236875.0
-39.3665	20.65	4.48	0.0345	4.21	380.09	PP3_gamma_vg	548500.0	9236875.0
-40.3849	14.11	2.63	0.3139	3.8	478.84	PP3_gamma_vg	550500.0	9234875.0
-39.226	16.56	3.04	0.0726	4.32	360.75	PP3_gamma_vg	551125.0	9238375.0
-38.8087	5.54	1.46	0.1495	2.23	325.95	PP3_gamma_vg	546375.0	9239625.0
-39.1804	16.57	2.38	0.0438	4.17	341.39	PP3_gamma_vg	550625.0	9237625.0
-37.7998	18.4	3.7	0.0312	3.63	423.13	PP3_gamma_vg	542000.0	9233875.0
-39.6598	15.36	3.26	0.0886	3.58	450.09	PP3_gamma_vg	548125.0	9234750.0
-40.1664	27.97	5.0	0.0273	3.48	429.49	PP3_gamma_vg	545375.0	9237125.0
-39.7136	16.49	3.45	0.0397	3.84	370.24	PP3_gamma_vg	547750.0	9236250.0
-39.1321	18.68	3.2	0.0809	4.05	446.46	PP3_gamma_vg	550125.0	9237375.0
-39.0852	18.89	5.35	0.0444	4.12	494.28	PP3_gamma_vg	545125.0	9234625.0
-39.8153	19.71	4.03	0.0612	4.53	417.0	PP3_gamma_vg	547000.0	9235875.0
-40.5376	17.81	3.01	0.0994	3.46	339.35	PP3_gamma_vg	549625.0	9233125.0
-39.2756	18.91	3.81	0.0288	3.9	356.26	PP3_gamma_vg	548500.0	9237375.0
-39.0419	15.91	4.47	0.0201	3.05	341.7	PP3_gamma_vg	543625.0	9237875.0
-39.5862	16.13	3.42	0.0889	3.95	515.39	PP3_gamma_vg	548750.0	9236000.0
-40.3204	14.64	2.6	0.1996	3.92	470.73	PP3_gamma_vg	550500.0	9235000.0
-38.1638	17.94	4.18	0.0623	3.98	438.15	PP3_gamma_vg	542125.0	9235500.0
-39.2712	20.36	4.5	0.0241	4.26	362.42	PP3_gamma_vg	548250.0	9238125.0
-39.7657	5.43	1.66	0.0942	1.29	307.17	PP3_gamma_vg	552500.0	9238625.0
-38.8749	16.41	2.99	0.1856	4.48	334.47	PP3_gamma_vg	545750.0	9239250.0
-38.7022	9.39	2.18	0.0128	3.46	419.47	PP3_gamma_vg	544750.0	9234125.0
-39.209	21.25	3.88	0.0801	4.71	385.81	PP3_gamma_vg	548625.0	9237625.0
-39.306	20.35	3.99	0.0291	4.46	435.06	PP3_gamma_vg	548750.0	9236875.0
-40.0074	15.09	3.17	0.0401	4.06	352.46	PP3_gamma_vg	549000.0	9234000.0
-39.285	17.92	2.78	0.0501	4.01	353.75	PP3_gamma_vg	549125.0	9236750.0
-39.4766	16.24	3.11	0.102	3.63	373.02	PP3_gamma_vg	549500.0	9236250.0
-37.528	17.2	3.05	0.0225	3.55	401.8	PP3_gamma_vg	541250.0	9233375.0
-39.8864	20.26	2.84	0.0235	4.29	391.23	PP3_gamma_vg	547000.0	9236250.0
-39.1257	18.33	3.14	0.0221	4.27	382.06	PP3_gamma_vg	550250.0	9237500.0
-38.5328	12.45	3.43	0.0333	3.24	474.54	PP3_gamma_vg	542750.0	9237250.0
-37.9792	15.02	3.71	0.024	3.17	528.1	PP3_gamma_vg	541875.0	9235250.0
-39.6624	26.8	4.46	0.0492	4.52	425.76	PP3_gamma_vg	546000.0	9235375.0
-40.1434	26.02	5.11	0.0289	3.49	397.84	PP3_gamma_vg	545125.0	9237125.0
-40.8037	12.56	2.93	0.03	3.26	385.05	PP3_gamma_vg	550750.0	9234250.0
-37.439	7.1	2.5	0.0549	2.49	346.3	PP3_gamma_vg	542625.0	9239500.0
-37.6255	9.33	2.43	0.0492	1.1	426.04	PP3_gamma_vg	541875.0	9232375.0
-39.7123	19.09	3.53	0.0491	4.52	345.14	PP3_gamma_vg	552000.0	9238000.0
-39.9995	20.75	5.01	0.0473	4.28	587.03	PP3_gamma_vg	546000.0	9236125.0
-39.7637	13.72	3.17	0.1632	3.22	391.96	PP3_gamma_vg	549250.0	9235500.0
-37.6301	13.51	3.57	0.0248	4.26	384.52	PP3_gamma_vg	543000.0	9239375.0
-39.8264	18.15	3.3	0.0598	5.08	388.71	PP3_gamma_vg	552125.0	9237875.0
-40.6874	14.08	2.81	0.0756	3.5	430.05	PP3_gamma_vg	550875.0	9234625.0
-39.0735	12.46	2.75	0.0647	3.78	376.16	PP3_gamma_vg	550625.0	9238500.0
-38.6551	13.65	3.73	0.04	3.4	421.01	PP3_gamma_vg	542875.0	9237250.0
-39.0714	12.87	2.61	0.0987	3.84	335.25	PP3_gamma_vg	549250.0	9239125.0
-39.7394	12.46	2.22	0.1215	3.25	509.97	PP3_gamma_vg	548750.0	9235375.0
-37.5808	14.81	2.07	0.0262	2.41	404.12	PP3_gamma_vg	541500.0	9233125.0
-39.0401	17.83	3.74	0.1059	4.28	332.37	PP3_gamma_vg	549500.0	9240000.0
-39.5251	15.81	3.33	0.0812	3.67	376.66	PP3_gamma_vg	549250.0	9236125.0
-39.5183	18.16	3.2	0.0601	4.2	359.15	PP3_gamma_vg	547625.0	9234625.0
-39.5251	16.34	3.37	0.0841	3.95	408.69	PP3_gamma_vg	545750.0	9238375.0
-38.0715	17.17	3.74	0.0303	4.04	356.82	PP3_gamma_vg	543625.0	9239125.0
-40.8309	10.86	2.81	0.1097	3.66	361.73	PP3_gamma_vg	551500.0	9235000.0
-40.4029	10.1	2.52	0.0642	2.94	503.21	PP3_gamma_vg	550250.0	9234625.0
-40.9028	9.79	1.64	0.1127	2.64	392.28	PP3_gamma_vg	550375.0	9233500.0
-38.4644	13.77	3.08	0.0438	3.34	475.39	PP3_gamma_vg	543250.0	9234500.0
-39.5107	17.94	3.27	0.0351	4.15	418.28	PP3_gamma_vg	547375.0	9234750.0
-39.0645	12.1	3.05	0.1406	3.72	328.13	PP3_gamma_vg	549250.0	9239375.0
-39.4924	16.38	4.47	0.0473	3.85	346.93	PP3_gamma_vg	548125.0	9233625.0
-38.4482	10.05	2.04	0.0322	3.14	440.68	PP3_gamma_vg	544250.0	9233875.0
-39.4762	16.13	2.84	0.0834	3.53	420.67	PP3_gamma_vg	549625.0	9236250.0
-38.5976	17.83	3.48	0.1388	4.1	321.33	PP3_gamma_vg	545000.0	9239250.0
-37.6105	13.37	3.26	0.0352	1.98	420.47	PP3_gamma_vg	541750.0	9232625.0
-39.9513	21.69	2.74	0.0166	3.99	474.04	PP3_gamma_vg	546625.0	9237125.0
-40.0407	21.44	4.95	0.0607	4.33	504.69	PP3_gamma_vg	545250.0	9236250.0
-39.2914	17.8	4.41	0.0224	3.13	335.67	PP3_gamma_vg	543625.0	9237375.0
-39.7049	16.48	2.13	0.052	4.27	437.31	PP3_gamma_vg	548125.0	9235375.0
-40.4351	17.81	2.94	0.0582	4.09	349.47	PP3_gamma_vg	549625.0	9233625.0
-38.0429	16.24	3.15	0.0413	3.75	441.93	PP3_gamma_vg	543125.0	9238750.0
-39.5691	18.22	3.63	0.04	3.9	361.2	PP3_gamma_vg	548000.0	9236625.0
-39.7682	18.76	3.49	0.0673	3.82	454.44	PP3_gamma_vg	545375.0	9238000.0
-37.5821	16.64	2.73	0.0223	3.0	407.34	PP3_gamma_vg	541500.0	9233250.0
-39.7946	21.24	3.61	0.0666	3.5	413.88	PP3_gamma_vg	546000.0	9238000.0
-39.6247	19.64	2.66	0.0885	4.46	357.33	PP3_gamma_vg	551125.0	9236875.0
-38.3349	17.56	4.34	0.0402	4.06	367.73	PP3_gamma_vg	543750.0	9238875.0
-38.728	15.45	3.7	0.0447	3.62	559.74	PP3_gamma_vg	544250.0	9234375.0
-39.3821	16.6	3.87	0.0634	3.18	348.57	PP3_gamma_vg	548125.0	9237375.0
-39.436	16.72	4.81	0.0421	2.97	340.43	PP3_gamma_vg	543875.0	9237500.0
-39.7347	18.39	3.96	0.0979	4.18	442.35	PP3_gamma_vg	547375.0	9235500.0
-38.7272	14.11	3.45	0.0646	3.53	395.25	PP3_gamma_vg	543000.0	9237375.0
-39.1136	13.69	2.91	0.0915	4.22	380.44	PP3_gamma_vg	548875.0	9239125.0
-37.6831	13.22	2.82	0.0338	3.26	404.79	PP3_gamma_vg	541375.0	9234750.0
-38.9446	20.61	4.41	0.0547	4.52	407.38	PP3_gamma_vg	546625.0	9233875.0
-38.054	13.51	2.79	0.0443	2.28	415.56	PP3_gamma_vg	542250.0	9234500.0
-37.742	11.97	3.04	0.0162	1.25	416.13	PP3_gamma_vg	542250.0	9233250.0
-39.6945	18.36	4.93	0.0938	4.44	598.5	PP3_gamma_vg	546750.0	9235375.0
-37.6538	13.72	3.01	0.0151	3.59	421.92	PP3_gamma_vg	541375.0	9234500.0
